*-------------------------------------------------------------------------------*
*   Country: Togo
*   Station: Djakakope
*      Year: 2014
*    Source: Direction de la Meteorologie Nationale 
*    Author: Guillaume Ezui
* Longitude: 1 60 E
*  Latitude: 6 46 N
* Elevation: 86 m.
*  Comments: Precipitation from Djakakope, Solar Radiation from NASA for Djakakope  
*  other weather data originate from Tabligbo weather station
*
*  Columns:
*  ========
*  station number
*  year
*  day
*  irradiation (kJ m-2 d-1)
*  minimum temperature (degrees Celsius)
*  maximum temperature (degrees Celsius)
*  vapour pressure (kPa)
*  mean wind speed (m s-1)
*  precipitation (mm d-1)
*--------------------------------------------------------------------------------*
   6.46  1.60    86.  0.00  0.00
    7    2014       1   14360    24.1    34.5    3.52     0.5       0
    7    2014       2   16340    23.2    35.5    3.30     0.4       0
    7    2014       3   17780    22.8    35.5    3.20     0.6       0
    7    2014       4   18110    22.2    35.0    3.07     0.5       0
    7    2014       5   17390    23.8    34.0    3.44     0.6       0
    7    2014       6   17780    23.0    35.0    3.24     0.9       0
    7    2014       7   18040    23.0    36.0    3.24     1.0       0
    7    2014       8   17750    22.0    34.5    3.01     1.0      24
    7    2014       9   18000    23.5    34.0    3.36     0.9       0
    7    2014      10   17460    24.4    34.7    3.59     0.8       0
    7    2014      11   16920    24.3    34.3    3.54     1.5       0
    7    2014      12   17860    23.8    34.9    3.43     0.9       0
    7    2014      13   16920    29.3    35.0    5.12     0.8       0
    7    2014      14   17780    24.8    35.4    3.65     2.3       0
    7    2014      15   17640    24.2    35.1    3.52     1.3       0
    7    2014      16   17320    25.0    34.8    3.73     1.6       0
    7    2014      17   15260    25.2    33.8    3.78     1.6       0
    7    2014      18   17570    23.0    35.2    3.22     1.8       0
    7    2014      19   18320    22.8    36.5    3.18     1.6       0
    7    2014      20   17750    24.0    37.4    3.47     1.6       0
    7    2014      21   17710    24.5    35.8    3.59     1.9       0
    7    2014      22   17680    25.1    36.5    3.73     2.3       0
    7    2014      23   17390    25.2    35.2    3.74     2.9       0
    7    2014      24   18250    24.9    36.5    3.72     1.0       0
    7    2014      25   14580    24.2    36.9    3.53     1.0       0
    7    2014      26   16720    22.8    35.5    3.17     1.9       0
    7    2014      27   18860    23.7    36.1    3.38     1.9       0
    7    2014      28   19150    24.5    36.4    3.59     1.9       0
    7    2014      29   17890    24.9    35.9    3.69     1.8       0
    7    2014      30   16670    24.1    37.0    3.48     2.0       0
    7    2014      31   14040    25.0    34.0    3.73     1.3       0
    7    2014      32   15160    23.5    36.1    3.36     1.0       0
    7    2014      33   15550    19.2    35.5    2.45     1.4       0
    7    2014      34   17045    18.2    35.9    2.28     1.4       0
    7    2014      35   18540    19.8    36.0    2.57     1.1       0
    7    2014      36   19120    23.8    36.3    3.42     1.3       0
    7    2014      37   18940    23.8    36.5    3.42     1.3       0
    7    2014      38   18680    24.1    36.0    3.47     2.6       0
    7    2014      39   18540    24.2    37.4    3.51     1.8       0
    7    2014      40   17500    24.1    35.2    3.49     1.8       0
    7    2014      41   14980    24.2    35.5    3.52     1.4       0
    7    2014      42   16690    24.5    36.3    3.58     2.1      13
    7    2014      43   18400    24.5    36.8    3.60     1.4       0
    7    2014      44   14900    23.5    36.8    3.35     1.1       0
    7    2014      45   13610    24.5    36.0    3.61     1.1       0
    7    2014      46   16700    23.1    35.6    3.25     1.5       0
    7    2014      47    8890    24.8    33.0    3.69     1.1       0
    7    2014      48   20230    21.2    35.2    2.84     0.9       0
    7    2014      49   19760    24.5    36.5    3.60     1.4       0
    7    2014      50   19300    25.1    35.8    3.74     2.0       0
    7    2014      51   17210    24.8    36.5    3.66     1.9       0
    7    2014      52   18290    25.0    35.2    3.75     0.9       0
    7    2014      53   19300    25.7    38.5    3.93     1.3       0
    7    2014      54   19300    26.5    37.2    4.14     1.9       0
    7    2014      55   17060    26.6    36.0    4.16     2.3       5
    7    2014      56   19510    22.5    36.0    3.12     1.1       0
    7    2014      57   18940    22.8    35.0    3.18     1.3       0
    7    2014      58   19010    24.2    36.0    3.50     2.1       0
    7    2014      59   19080    24.8    35.4    3.69     0.9       0
    7    2014      60   15370    23.5    34.2    3.38     0.1       0
    7    2014      61   19400    23.5    37.2    3.36     1.0       0
    7    2014      62   18040    25.2    36.4    3.77     1.9       0
    7    2014      63   19220    24.6    36.3    3.64     1.0       0
    7    2014      64   19480    25.5    35.3    3.87     1.4       0
    7    2014      65    5290    21.7    29.5    2.96     0.5      39
    7    2014      66   16420    23.7    33.3    3.40     1.3       0
    7    2014      67   19800    24.2    36.6    3.52     1.3     9.7
    7    2014      68   20410    25.5    35.3    3.86     1.6       0
    7    2014      69   19260    25.5    35.3    3.86     1.6       0
    7    2014      70   18580    23.1    34.0    3.24     1.9       0
    7    2014      71   19690    24.5    35.2    3.61     1.0       0
    7    2014      72   20120    23.8    35.9    3.43     1.1       0
    7    2014      73   18470    24.7    35.5    3.65     1.6       0
    7    2014      74   18075    24.8    35.5    3.66     2.1       0
    7    2014      75   17680    24.8    34.8    3.66     2.0       0
    7    2014      76   20340    24.2    35.0    3.52     1.3    20.5
    7    2014      77   18220    25.0    35.0    3.72     1.9       0
    7    2014      78   18650    25.0    37.4    3.71     2.3       0
    7    2014      79   16270    25.3    34.4    3.82     1.1       0
    7    2014      80   20120    24.6    35.2    3.63     1.4       0
    7    2014      81   19300    25.8    38.3    3.90     3.1       0
    7    2014      82   18830    25.6    36.3    3.88     1.9       0
    7    2014      83   13820    20.7    32.0    2.74     1.0    11.6
    7    2014      84   20920    24.0    35.2    3.48     0.9       0
    7    2014      85   19800    24.8    36.8    3.69     1.0       0
    7    2014      86   19400    22.1    35.1    3.02     1.8       0
    7    2014      87   18470    21.3    34.0    2.85     1.4     7.6
    7    2014      88   20410    24.5    34.2    3.63     0.4       0
    7    2014      89   19760    24.4    34.2    3.57     1.5    15.5
    7    2014      90   20735    21.5    28.2    2.89     1.5       0
    7    2014      91   21710    22.8    34.8    3.20     0.5       0
    7    2014      92   23150    24.4    35.8    3.58     1.1       0
    7    2014      93   12420    25.6    32.8    3.92     0.8       0
    7    2014      94   23080    24.0    34.4    3.48     0.9       0
    7    2014      95   19120    24.8    34.2    3.68     1.4       0
    7    2014      96   21200    25.2    34.2    3.77     1.9       0
    7    2014      97   21640    24.9    34.8    3.72     0.9       0
    7    2014      98   17140    25.2    33.0    3.78     1.6     4.1
    7    2014      99   17210    24.2    34.2    3.53     0.9       0
    7    2014     100   11810    21.9    33.6    3.00     0.4      13
    7    2014     101   19330    23.9    33.8    3.44     1.8       0
    7    2014     102   22320    23.5    34.9    3.34     1.9       0
    7    2014     103    9540    22.7    31.0    3.18     0.4       8
    7    2014     104   23440    22.1    35.0    3.03     1.1       0
    7    2014     105   21170    24.1    35.2    3.50     1.1       0
    7    2014     106   21440    23.4    36.0    3.33     1.1       0
    7    2014     107   21710    24.8    35.5    3.68     1.3       0
    7    2014     108   10370    22.2    34.2    3.06     1.0     5.5
    7    2014     109   22460    22.0    35.6    3.01     0.9       0
    7    2014     110   22790    20.9    36.8    2.78     0.8       0
    7    2014     111   16960    21.3    34.5    2.87     0.5       6
    7    2014     112   15800    25.2    34.3    3.80     0.9       0
    7    2014     113   19150    23.0    35.2    3.24     0.8       0
    7    2014     114   13100    21.5    33.1    2.92     0.0       0
    7    2014     115   20200    21.3    33.8    2.86     1.1       0
    7    2014     116   18110    25.1    33.8    3.78     0.8       0
    7    2014     117   20990    24.0    34.8    3.49     0.8       0
    7    2014     118   11810    24.5    32.8    3.63     0.4       0
    7    2014     119   17890    23.4    34.5    3.34     0.5       0
    7    2014     120   20050    25.0    35.0    3.76     0.4    10.2
