*-------------------------------------------------------------------------------*
*   Country: Togo
*   Station: Djakakope
*      Year: 2013
*    Source: Direction de la Meteorologie Nationale 
*    Author: Guillaume Ezui
* Longitude: 1 60 E
*  Latitude: 6 46 N
* Elevation: 86 m.
*  Comments: Precipitation from Djakakope, Solar Radiation from NASA for Djakakope  
*  other weather data originate from Tabligbo weather station
*
*  Columns:
*  ========
*  station number
*  year
*  day
*  irradiation (kJ m-2 d-1)
*  minimum temperature (degrees Celsius)
*  maximum temperature (degrees Celsius)
*  vapour pressure (kPa)
*  mean wind speed (m s-1)
*  precipitation (mm d-1)
*--------------------------------------------------------------------------------*
   6.46  1.60    86.  0.00  0.00
    7    2013       1   18180    19.1    35.0    2.44     0.8       0
    7    2013       2   18220    17.8    35.2    2.22     0.9       0
    7    2013       3   18220    18.3    35.2    2.31     0.8       0
    7    2013       4   18320    18.9    36.0    2.41     1.0       0
    7    2013       5   18760    15.9    35.0    1.94     0.8       0
    7    2013       6   18790    16.0    35.5    1.95     0.6       0
    7    2013       7   18465    15.8    36.3    1.93     0.5       0
    7    2013       8   18140    20.2    34.7    2.65     0.5       0
    7    2013       9   18140    20.7    36.0    2.75     0.5       0
    7    2013      10   18140    22.2    35.3    3.06     0.6       0
    7    2013      11   18250    23.9    35.6    3.45     1.1       0
    7    2013      12   18360    22.9    36.2    3.21     1.3       0
    7    2013      13   18720    21.2    35.9    2.84     0.9       0
    7    2013      14   17600    22.2    34.9    3.06     0.8       0
    7    2013      15   17420    23.4    36.0    3.34     0.8       0
    7    2013      16   18110    23.8    36.6    3.43     0.9       0
    7    2013      17   18040    23.9    36.1    3.45     1.4       0
    7    2013      18   18540    24.9    37.5    3.72     0.8       0
    7    2013      19   18500    25.4    37.3    3.86     0.9       0
    7    2013      20   18470    25.2    37.0    3.79     1.1       0
    7    2013      21   17930    24.9    36.0    3.71     1.3       0
    7    2013      22   15770    25.9    36.2    4.00     0.9       0
    7    2013      23   13125    22.8    37.8    3.20     0.4       0
    7    2013      24   10480    25.5    34.7    3.87     1.4       0
    7    2013      25   18860    23.4    37.2    3.33     1.3       0
    7    2013      26   18320    24.8    37.5    3.69     1.1       0
    7    2013      27   18650    25.0    38.2    3.75     0.9       0
    7    2013      28   12530    26.0    37.0    4.04     0.4       0
    7    2013      29   11340    22.8    35.0    3.20     0.5       0
    7    2013      30   19040    22.6    36.0    3.15     0.6       0
    7    2013      31   19440    22.8    36.7    3.21     0.3       0
    7    2013      32   19480    20.7    35.2    2.74     1.3       0
    7    2013      33   19330    21.2    34.7    2.84     1.0       0
    7    2013      34   19260    19.5    35.3    2.53     0.1       0
    7    2013      35   19040    22.2    35.9    3.07     0.5       0
    7    2013      36   19300    23.5    36.6    3.37     0.5       0
    7    2013      37   18650    24.3    36.2    3.56     1.0       0
    7    2013      38   17030    25.1    36.7    3.79     0.4       0
    7    2013      39   18235    25.1    34.5    3.80     0.1       0
    7    2013      40   19440    24.7    38.0    3.66     1.0       0
    7    2013      41   13820    25.0    35.7    3.73     1.4       0
    7    2013      42   18860    24.5    38.5    3.61     1.1       0
    7    2013      43   15120    25.6    36.0    3.91     1.1       0
    7    2013      44   17350    25.2    37.5    3.79     1.1       0
    7    2013      45   18360    24.9    37.3    3.71     1.3       0
    7    2013      46   18970    25.8    38.0    3.95     1.5       0
    7    2013      47   19370    25.8    37.1    3.94     2.0       0
    7    2013      48   16780    27.0    37.2    4.28     2.3       0
    7    2013      49   11300    22.2    35.0    3.05     1.4       0
    7    2013      50   18650    22.2    36.6    3.04     1.8       0
    7    2013      51   19550    23.9    37.3    3.45     1.3       0
    7    2013      52   18760    23.9    37.8    3.45     1.1       0
    7    2013      53   17350    22.5    37.2    3.13     0.6       0
    7    2013      54   20270    25.6    40.0    3.88     2.0       0
    7    2013      55   19080    26.0    38.5    3.99     2.0       0
    7    2013      56   17890    25.2    36.6    3.78     1.6       0
    7    2013      57   19910    25.2    37.5    3.78     1.5       0
    7    2013      58   18900    25.8    37.4    3.96     1.3       0
    7    2013      59   19580    25.8    38.0    3.95     1.5       0
    7    2013      60   18470    26.1    37.5    4.02     2.0       0
    7    2013      61   19400    25.4    38.8    3.82     2.0       0
    7    2013      62   20590    21.9    37.2    2.98     1.4    26.7
    7    2013      63   18220    26.2    37.4    4.07     1.5       0
    7    2013      64   20340    21.3    37.3    2.85     1.4    49.2
    7    2013      65   19190    25.2    36.1    3.79     1.4       0
    7    2013      66   19190    25.9    36.7    4.00     0.8       0
    7    2013      67   18760    26.4    36.9    4.13     1.3       0
    7    2013      68   14620    25.5    34.9    3.89     0.6       0
    7    2013      69   16450    24.2    35.5    3.53     0.9       0
    7    2013      70   20480    24.8    35.8    3.69     1.0       0
    7    2013      71   20070    24.9    36.0    3.72     0.9       0
    7    2013      72   19660    24.8    35.5    3.69     1.0       0
    7    2013      73   20990    25.7    37.7    3.95     0.5       0
    7    2013      74   18580    25.8    36.0    3.96     1.3       0
    7    2013      75   13680    25.6    34.2    3.93     0.3     6.3
    7    2013      76   19910    23.2    35.1    3.29     0.9       0
    7    2013      77   20410    24.8    36.6    3.68     1.3       0
    7    2013      78   19300    25.5    37.1    3.88     1.1       0
    7    2013      79   20920    25.8    37.6    3.99     0.1       0
    7    2013      80   17860    26.4    35.2    4.13     1.4       0
    7    2013      81   17390    25.1    35.4    3.77     1.1       0
    7    2013      82   17030    25.2    36.1    3.80     1.0       0
    7    2013      83   17570    23.9    35.6    3.44     1.8       0
    7    2013      84   21020    23.6    37.0    3.38     1.1       0
    7    2013      85   17890    24.8    36.2    3.69     0.9       0
    7    2013      86   19980    23.2    37.1    3.28     1.0       0
    7    2013      87   19025    23.5    37.4    3.37     0.6       0
    7    2013      88   18070    24.9    35.5    3.73     0.5       0
    7    2013      89   19370    24.4    36.8    3.59     0.6       0
    7    2013      90   19370    22.1    35.6    3.04     0.9       0
    7    2013      91   22000    22.3    36.0    3.09     0.5       0
    7    2013      92   16600    22.1    33.1    3.04     0.9       6
    7    2013      93   18320    23.8    34.0    3.45     0.4       0
    7    2013      94   20770    25.0    36.5    3.76     0.5       0
    7    2013      95   21460    24.4    37.0    3.58     1.1       0
    7    2013      96   19760    25.8    37.0    3.96     1.1       0
    7    2013      97   19260    24.4    36.8    3.59     0.8       0
    7    2013      98   15440    24.2    34.9    3.55     0.4       0
    7    2013      99    8640    23.6    32.9    3.38     0.9    10.3
    7    2013     100   21240    22.1    35.2    3.04     0.5       0
    7    2013     101   23360    23.4    36.8    3.33     1.0       0
    7    2013     102   21280    25.0    35.9    3.73     1.5       0
    7    2013     103   20720    25.4    36.2    3.85     1.0       0
    7    2013     104   20160    25.0    37.3    3.75     0.8       0
    7    2013     105   19620    23.7    36.0    3.40     1.3       0
    7    2013     106   20990    24.9    36.7    3.71     1.3       0
    7    2013     107   18650    25.2    37.0    3.81     0.5       0
    7    2013     108   16810    25.1    35.3    3.76     1.3       0
    7    2013     109   20630    24.8    36.9    3.70     0.6       0
    7    2013     110   15950    23.5    36.5    3.38     0.0       0
    7    2013     111   20520    24.2    36.1    3.54     0.5       0
    7    2013     112   16060    22.5    35.0    3.14     0.3       0
    7    2013     113   15910    23.6    35.9    3.38     1.0       0
    7    2013     114   20630    23.0    36.4    3.23     1.3       0
    7    2013     115   22610    23.5    36.8    3.37     0.4       0
    7    2013     116    6950    23.0    31.0    3.25     0.5    42.2
    7    2013     117   22460    23.4    35.3    3.35     0.1       0
    7    2013     118   12460    23.0    34.9    3.25     0.4       0
    7    2013     119   16960    22.6    34.8    3.15     0.9      25
    7    2013     120   21460    24.1    35.5    3.52     0.5       0
    7    2013     121    5150    21.6    28.2    2.94     0.0      33
    7    2013     122   23510    22.8    35.1    3.20     0.6       0
    7    2013     123   22500    24.5    36.0    3.60     1.3       0
    7    2013     124   18720    25.3    35.0    3.82     1.1       0
    7    2013     125   18110    25.0    35.7    3.74     1.0       0
    7    2013     126   10150    24.0    35.0    3.49     0.6      29
    7    2013     127   21960    23.4    35.0    3.34     0.9       0
    7    2013     128   11880    24.7    31.8    3.68     0.4       0
    7    2013     129   21060    23.4    35.2    3.33     1.0       0
    7    2013     130   20410    25.0    36.0    3.74     1.1       0
    7    2013     131    1300    22.0    26.0    3.02     0.8      56
    7    2013     132   20270    21.0    34.8    2.81     0.3       0
    7    2013     133   14220    24.0    32.5    3.50     0.4       4
    7    2013     134    7490    23.0    33.7    3.25     0.3       0
    7    2013     135   13970    23.3    31.8    3.31     1.0       0
    7    2013     136   20450    23.3    36.0    3.32     0.4       0
    7    2013     137   16160    23.4    35.2    3.35     0.3    18.8
    7    2013     138   17780    23.2    33.5    3.28     1.0       0
    7    2013     139   20410    22.0    33.0    3.03     0.1    20.5
    7    2013     140   20090    22.8    34.0    3.20     0.8   .9.8
    7    2013     141   17500    24.8    34.1    3.69     0.8       0
    7    2013     142   20340    23.6    34.7    3.37     1.5       0
    7    2013     143   21640    22.2    34.0    3.07     0.5       0
    7    2013     144   19480    24.7    34.2    3.67     0.9       0
    7    2013     145   20520    25.3    36.0    3.81     1.4       0
    7    2013     146   13820    23.0    33.6    3.24     1.0     9.5
    7    2013     147    9830    24.2    33.2    3.53     0.9       0
    7    2013     148   19580    22.9    34.5    3.22     0.9       0
    7    2013     149   13820    22.7    34.2    3.18     0.5     5.8
    7    2013     150   13680    23.7    34.4    3.43     0.1       0
    7    2013     151   15515    23.0    31.8    3.25     0.5       8
    7    2013     152   17350    23.6    34.8    3.39     0.8     9.5
    7    2013     153   12130    22.5    31.6    3.13     0.5    17.5
    7    2013     154    6410    22.0    32.7    3.02     0.5       0
    7    2013     155   19730    22.0    33.8    3.01     1.1       0
    7    2013     156   20300    24.4    34.7    3.58     1.1       0
    7    2013     157   17680    20.8    32.0    2.77     0.3    25.2
    7    2013     158   16850    22.3    33.0    3.09     0.6       0
    7    2013     159   20380    21.6    33.6    2.93     0.9     3.5
    7    2013     160    5400    22.0    30.0    3.02     0.5       0
    7    2013     161   13210    21.2    32.2    2.85     0.5       0
    7    2013     162   17860    21.7    33.2    2.97     0.0       0
    7    2013     163   18860    21.7    32.9    2.95     1.0     5.4
    7    2013     164   17420    24.1    32.5    3.49     1.6       0
    7    2013     165   18680    23.0    33.9    3.24     1.0       0
    7    2013     166    7490    23.2    32.8    3.29     0.9     7.3
    7    2013     167   12095    23.2    32.7    3.28     1.3       0
    7    2013     168   16700    23.2    33.2    3.28     1.3       0
    7    2013     169   16850    24.1    33.1    3.50     1.3     3.5
    7    2013     170   14510    24.2    33.4    3.51     1.8       0
    7    2013     171   14900    23.3    32.2    3.31     1.0       0
    7    2013     172   16670    24.5    31.5    3.60     1.4       0
    7    2013     173   17570    23.1    32.8    3.26     0.9       0
    7    2013     174   12740    23.2    30.8    3.29     0.9       0
    7    2013     175   14580    23.0    30.8    3.23     1.5       0
    7    2013     176   17460    23.7    32.0    3.40     1.1       0
    7    2013     177   20740    22.0    34.1    3.03     0.3       0
    7    2013     178   12100    24.4    30.8    3.58     1.1       0
    7    2013     179   12240    23.8    32.5    3.43     0.9       0
    7    2013     180   17280    22.9    33.2    3.23     0.5       0
    7    2013     181    9430    23.2    30.8    3.28     1.1       0
    7    2013     182   13030    23.0    30.8    3.25     0.6       0
    7    2013     183   12240    21.8    33.8    2.96     1.4       0
    7    2013     184   11450    21.3    31.3    2.86     1.1    12.7
    7    2013     185   14360    21.0    32.2    2.80     0.9       0
    7    2013     186   11050    20.8    31.2    2.75     1.4     9.7
    7    2013     187   17320    22.9    31.3    3.21     1.1       0
    7    2013     188   13100    22.0    30.8    3.01     1.1       0
    7    2013     189   15160    22.6    30.8    3.15     1.0       0
    7    2013     190   17960    22.2    32.5    3.05     1.3       0
    7    2013     191   15950    23.2    32.2    3.29     0.9       0
    7    2013     192   10870    22.5    30.6    3.11     1.6       0
    7    2013     193   13390    22.7    32.9    3.16     1.3       0
    7    2013     194   20560    23.0    34.0    3.24     1.1       0
    7    2013     195   15520    22.8    33.8    3.19     0.9       0
    7    2013     196   16020    23.0    31.4    3.24     0.9       0
    7    2013     197   15950    23.0    31.6    3.24     0.8       0
    7    2013     198   18140    22.8    32.5    3.18     1.3       0
    7    2013     199   16035    23.1    31.7    3.26     0.9       0
    7    2013     200   13930    23.2    30.5    3.28     1.4       0
    7    2013     201   10550    23.1    29.8    3.27     0.6       0
    7    2013     202   12460    21.2    32.8    2.84     1.0     4.7
    7    2013     203   16740    22.7    31.2    3.16     1.5       0
    7    2013     204   11920    22.8    32.0    3.19     0.9       0
    7    2013     205    7060    21.2    29.1    2.86     0.1      16
    7    2013     206   12670    22.6    30.9    3.15     1.0       0
    7    2013     207   18320    22.6    32.0    3.15     1.0       0
    7    2013     208   13640    22.9    31.6    3.21     1.1       0
    7    2013     209   13000    23.6    30.7    3.37     1.6       0
    7    2013     210   18900    22.2    31.1    3.04     1.5       0
    7    2013     211   18940    21.3    31.3    2.86     0.9       0
    7    2013     212   20810    21.7    33.0    2.95     0.8       0
    7    2013     213   15980    21.9    32.0    2.99     0.8       0
    7    2013     214   16960    21.8    31.7    2.97     1.1       0
    7    2013     215   17770    20.2    30.7    2.65     0.8       0
    7    2013     216   18580    20.7    32.2    2.74     0.8       0
    7    2013     217   19980    20.8    30.5    2.76     1.1       0
    7    2013     218   18070    21.6    31.7    2.92     1.5       0
    7    2013     219   16340    22.5    32.2    3.11     1.6       0
    7    2013     220   20590    21.0    32.0    2.80     1.1       0
    7    2013     221   20300    21.0    32.5    2.80     0.9       0
    7    2013     222   19840    19.3    32.7    2.47     1.1       0
    7    2013     223   17390    20.0    30.2    2.60     1.4       0
    7    2013     224   13930    21.1    29.2    2.81     1.5       0
    7    2013     225   18680    20.8    30.2    2.77     0.4       0
    7    2013     226   17890    20.0    30.5    2.60     1.1       0
    7    2013     227   15410    21.1    30.2    2.81     1.5       0
    7    2013     228    8060    22.4    28.4    3.11     0.4       0
    7    2013     229   17210    22.1    31.0    3.03     1.3       0
    7    2013     230   16340    20.1    31.2    2.63     0.8       0
    7    2013     231   16595    21.2    32.8    2.85     0.8       0
    7    2013     232   16850    22.1    32.1    3.01     2.0       0
    7    2013     233   15120    23.3    31.7    3.30     1.4       0
    7    2013     234   16780    22.0    32.0    3.02     0.5       0
    7    2013     235   12420    23.2    29.8    3.28     1.1       0
    7    2013     236   15800    21.4    31.5    2.88     1.0       0
    7    2013     237   14870    21.4    32.0    2.89     0.5       0
    7    2013     238   17420    23.2    32.4    3.28     1.1       0
    7    2013     239   16520    21.5    31.6    2.91     0.5       0
    7    2013     240   17390    22.3    32.2    3.08     0.8       0
    7    2013     241   12020    22.0    30.4    3.02     0.6      21
    7    2013     242   15800    22.8    31.7    3.18     1.3       0
    7    2013     243   11520    23.2    32.0    3.29     0.6       0
    7    2013     244   14080    22.5    31.9    3.12     1.3       0
    7    2013     245   13640    22.9    31.1    3.21     1.1       0
    7    2013     246   15800    21.5    32.2    2.91     0.5       0
    7    2013     247   15190    22.4    31.8    3.10     0.9       0
    7    2013     248   14580    23.0    34.2    3.22     1.8       0
    7    2013     249   12890    23.0    32.0    3.24     0.9       3
    7    2013     250   17030    21.9    32.3    2.98     1.3       0
    7    2013     251    8820    21.9    31.0    3.00     0.3    20.4
    7    2013     252   15770    23.2    33.3    3.27     1.6       0
    7    2013     253   16340    23.9    32.0    3.44     1.6       0
    7    2013     254   17140    23.7    31.8    3.40     1.1       0
    7    2013     255   12780    22.8    31.9    3.19     1.1       0
    7    2013     256   16160    21.9    31.5    2.99     1.0       0
    7    2013     257   13100    22.8    31.8    3.20     0.5       0
    7    2013     258   13750    23.7    31.9    3.41     0.8       0
    7    2013     259   16960    23.5    32.7    3.37     0.5       0
    7    2013     260   17030    23.0    32.6    3.25     0.4       0
    7    2013     261   16240    23.3    33.7    3.30     1.3       0
    7    2013     262   15660    23.5    33.5    3.35     1.1       0
    7    2013     263   15985    23.4    34.1    3.33     1.3       0
    7    2013     264   16310    24.2    33.0    3.55     0.4     7.2
    7    2013     265   16020    23.7    33.3    3.40     1.1       0
    7    2013     266    7160    23.6    30.4    3.37     1.6       0
    7    2013     267   12820    23.0    29.0    3.24     1.1       0
    7    2013     268   15840    22.1    32.1    3.04     0.8     7.3
    7    2013     269   16240    21.5    32.8    2.90     1.3       0
    7    2013     270   10300    22.4    29.3    3.11     0.5      16
    7    2013     271   13000    22.7    30.4    3.17     0.9       0
    7    2013     272   16880    22.0    32.5    3.03     0.3       0
    7    2013     273   16560    22.8    33.3    3.20     0.6       0
    7    2013     274   18360    23.5    32.8    3.35     1.3       0
    7    2013     275   17930    23.0    32.5    3.26     0.0       0
    7    2013     276   16880    23.0    30.0    3.24     0.8       0
    7    2013     277    7130    23.2    29.8    3.31     0.0       0
    7    2013     278   15700    23.2    31.5    3.28     1.1       3
    7    2013     279   18955    21.4    33.8    2.89     0.5       0
    7    2013     280   22210    21.3    32.0    2.87     0.4    20.4
    7    2013     281   19940    22.3    32.8    3.09     0.5       0
    7    2013     282   19660    22.2    33.0    3.06     0.9       0
    7    2013     283   19010    22.1    32.8    3.03     1.1       0
    7    2013     284   13970    22.8    32.0    3.20     0.6       0
    7    2013     285   21560    22.0    34.0    3.03     0.0       0
    7    2013     286   19040    23.1    32.8    3.25     1.3       0
    7    2013     287   17750    23.3    33.2    3.32     0.6       0
    7    2013     288   14830    21.9    31.5    2.99     0.9       0
    7    2013     289   20740    22.1    33.5    3.04     0.8       0
    7    2013     290   19980    24.0    34.2    3.49     0.6       0
    7    2013     291   21600    23.4    34.0    3.34     0.8       0
    7    2013     292   20050    24.0    34.0    3.47     1.6       0
    7    2013     293   21100    23.0    35.2    3.24     0.8       0
    7    2013     294   14900    23.4    33.0    3.32     1.4     7.2
    7    2013     295   17585    22.8    33.5    3.18     1.5       0
    7    2013     296   20270    20.7    34.2    2.75     0.4       0
    7    2013     297   20270    23.1    34.0    3.26     1.1     3.3
    7    2013     298   18940    23.3    33.2    3.32     0.6       4
    7    2013     299   19440    23.0    32.5    3.24     0.8      16
    7    2013     300   19940    23.3    34.2    3.33     0.1       0
    7    2013     301   21780    22.7    34.5    3.16     1.4       0
    7    2013     302   16490    23.8    32.2    3.45     0.3       0
    7    2013     303   18110    23.5    32.0    3.37     0.6       0
    7    2013     304   17320    23.0    33.5    3.24     1.1       0
    7    2013     305   14870    22.5    33.0    3.12     1.0       0
    7    2013     306   16130    21.8    32.0    2.99     0.1       0
    7    2013     307   20810    23.3    33.2    3.33     0.0     8.1
    7    2013     308   21890    23.0    34.5    3.24     0.9       0
    7    2013     309   18650    24.2    33.5    3.52     1.4       0
    7    2013     310   20300    23.0    34.0    3.24     0.8       0
    7    2013     311   19780    23.0    34.2    3.24     1.1     4.5
    7    2013     312   19260    23.0    33.5    3.23     1.3       0
    7    2013     313   19870    21.8    35.2    2.98     0.4       0
    7    2013     314   21600    21.7    34.5    2.94     1.1       0
    7    2013     315   19260    24.0    34.2    3.48     0.9       0
    7    2013     316   19690    23.3    34.5    3.31     1.1       0
    7    2013     317   19010    24.0    34.2    3.45     2.3    17.6
    7    2013     318   19510    22.5    35.5    3.11     1.5       0
    7    2013     319   14360    24.2    33.2    3.53     1.1       0
    7    2013     320   19010    23.3    34.0    3.31     1.0       0
    7    2013     321   19010    24.0    34.0    3.47     1.3       0
    7    2013     322   18610    23.8    35.0    3.42     1.6       0
    7    2013     323   18070    24.3    34.2    3.55     1.4       0
    7    2013     324   17390    24.0    33.5    3.47     1.4       0
    7    2013     325   17420    24.0    33.3    3.47     1.4       0
    7    2013     326   18040    23.3    34.0    3.31     1.0       0
    7    2013     327   18760    24.0    34.0    3.47     1.5       7
    7    2013     328   19480    22.2    34.8    3.06     0.8       0
    7    2013     329   19580    22.1    34.0    3.03     1.1       0
    7    2013     330   18860    22.1    33.5    3.02     1.8       0
    7    2013     331   16560    23.2    34.0    3.30     0.5       0
    7    2013     332   20560    23.0    35.0    3.24     0.8     4.6
    7    2013     333   19580    23.0    35.5    3.24     0.8       0
    7    2013     334   19370    24.8    36.2    3.69     1.1       0
    7    2013     335   17820    24.6    36.0    3.65     0.4    11.7
    7    2013     336   18000    24.0    34.5    3.49     0.8       0
    7    2013     337   13540    23.5    33.0    3.36     0.8       0
    7    2013     338   17640    23.2    35.2    3.30     0.4       0
    7    2013     339   19120    23.3    35.5    3.30     1.5    17.6
    7    2013     340   18900    24.5    36.5    3.60     1.3     4.3
    7    2013     341   17420    24.5    34.0    3.61     0.8      22
    7    2013     342   19150    22.6    35.5    3.15     1.0       0
    7    2013     343   19135    22.8    35.5    3.18     1.3       0
    7    2013     344   19120    22.7    35.8    3.18     0.6       0
    7    2013     345   17420    24.0    34.5    3.47     1.6       0
    7    2013     346   19300    22.8    35.8    3.17     1.9       0
    7    2013     347   17640    23.7    35.7    3.39     1.6       0
    7    2013     348   15660    22.2    34.9    3.07     0.3       0
    7    2013     349   18220    21.4    34.0    2.89     0.8       0
    7    2013     350   19220    21.6    34.0    2.93     0.8       0
    7    2013     351   19940    19.0    34.5    2.42     1.5       0
    7    2013     352   19760    18.3    35.2    2.30     0.9       0
    7    2013     353   19690    18.0    34.5    2.26     0.3       0
    7    2013     354   19400    18.0    35.0    2.26     0.8       0
    7    2013     355   19150    20.9    35.2    2.80     0.1       0
    7    2013     356   19370    21.0    35.0    2.81     0.5    12.2
    7    2013     357   19080    24.0    35.5    3.47     1.3       0
    7    2013     358   18970    24.1    36.0    3.51     1.0       0
    7    2013     359   19135    24.0    36.5    3.47     1.3       0
    7    2013     360   19300    23.5    35.5    3.35     1.3       0
    7    2013     361   18360    23.2    36.5    3.28     1.4       0
    7    2013     362   18970    24.6    37.0    3.61     2.0       0
    7    2013     363   17460    24.0    36.5    3.46     1.8       0
    7    2013     364   18580    23.0    36.0    3.22     1.9       0
    7    2013     365   18430    21.1    35.5    2.81     1.5    32.7
