*-------------------------------------------------------------------------------*
*   Country: Togo
*   Station: Djakakope
*      Year: 2012
*    Source: Direction de la Meteorologie Nationale 
*    Author: Guillaume Ezui
* Longitude: 1 60 E
*  Latitude: 6 46 N
* Elevation: 86 m.
*  Comments: Precipitation from Djakakope, Solar Radiation from NASA for Djakakope  
*  other weather data originate from Tabligbo weather station
*
*  Columns:
*  ========
*  station number
*  year
*  day
*  irradiation (kJ m-2 d-1)
*  minimum temperature (degrees Celsius)
*  maximum temperature (degrees Celsius)
*  vapour pressure (kPa)
*  mean wind speed (m s-1)
*  precipitation (mm d-1)
*--------------------------------------------------------------------------------*
   6.46  1.60    86.  0.00  0.00
    7    2012       1   21600    20.2    36.0    2.65     0.5       0
    7    2012       2   21350    23.6    34.7    3.40     0.3       0
    7    2012       3   21350    24.1    35.0    3.52     0.4       0
    7    2012       4   21600    20.4    34.7    2.69     0.5       0
    7    2012       5   21475    21.6    35.5    2.93     0.5       0
    7    2012       6   21350    21.5    34.9    2.91     0.6       0
    7    2012       7   21200    20.5    35.0    2.70     1.0       0
    7    2012       8   22250    19.4    35.5    2.51     0.0       0
    7    2012       9   21560    22.8    34.9    3.20     0.6       0
    7    2012      10   21280    22.9    35.5    3.23     0.5       0
    7    2012      11   21960    23.7    36.5    3.41     1.0       0
    7    2012      12   21530    23.0    35.3    3.25     0.5       0
    7    2012      13   22140    19.8    34.0    2.57     0.9       0
    7    2012      14   20880    18.8    35.0    2.39     0.8       0
    7    2012      15   21530    18.0    34.4    2.26     0.8       0
    7    2012      16   23040    18.9    34.5    2.41     0.8       0
    7    2012      17   22100    17.8    36.5    2.23     0.3       0
    7    2012      18   22100    19.8    35.9    2.57     1.0       0
    7    2012      19   21850    21.8    35.0    2.97     1.1       0
    7    2012      20   21920    21.7    35.5    2.95     0.6       0
    7    2012      21   21940    23.8    36.0    3.43     1.0       0
    7    2012      22   21960    21.4    35.5    2.89     0.5       0
    7    2012      23   21200    21.8    36.5    2.98     0.5       0
    7    2012      24   21460    22.0    36.8    3.02     0.8       0
    7    2012      25   22250    24.1    37.5    3.51     1.0       0
    7    2012      26   22100    22.2    34.5    3.05     1.1       0
    7    2012      27   21170    24.4    36.0    3.57     1.5       0
    7    2012      28    9400    24.9    30.4    3.72     0.9       0
    7    2012      29   21560    22.9    35.5    3.21     1.1       0
    7    2012      30   20990    24.8    38.0    3.68     1.4       0
    7    2012      31   22280    24.5    37.5    3.61     1.0       0
    7    2012      32   23360    23.9    37.2    3.44     1.6       0
    7    2012      33   21710    24.8    36.5    3.68     1.3       0
    7    2012      34   20630    24.0    36.0    3.48     0.9       0
    7    2012      35   21100    24.4    36.0    3.57     1.4       0
    7    2012      36   21170    24.5    37.0    3.61     1.0       0
    7    2012      37   21475    25.0    36.5    3.74     1.3       0
    7    2012      38   21780    23.9    36.0    3.47     0.4       0
    7    2012      39   22540    21.5    37.1    2.91     0.6       0
    7    2012      40   21600    20.8    36.5    2.76     0.9       0
    7    2012      41   22250    22.0    36.0    3.01     1.3       0
    7    2012      42   22100    23.6    36.4    3.38     1.1       0
    7    2012      43   22430    23.2    37.0    3.29     0.9       0
    7    2012      44    8860    25.0    33.5    3.74     1.0       0
    7    2012      45   21710    24.4    36.0    3.57     1.6       0
    7    2012      46   17350    24.6    34.0    3.61     2.0       0
    7    2012      47   22320    24.8    37.0    3.69     1.0       0
    7    2012      48   22860    25.0    36.4    3.74     1.3       0
    7    2012      49   18720    24.5    35.5    3.60     1.5       0
    7    2012      50   22320    21.8    36.2    2.96     1.3      56
    7    2012      51   22610    23.8    36.0    3.43     0.9       0
    7    2012      52   16130    23.8    35.0    3.43     0.9       0
    7    2012      53   18685    23.4    37.0    3.31     1.9       0
    7    2012      54   21240    23.8    35.0    3.42     1.5       0
    7    2012      55   24080    23.2    37.5    3.27     1.5       0
    7    2012      56   22140    23.5    36.9    3.36     1.0       0
    7    2012      57   17890    24.0    34.7    3.47     1.3       0
    7    2012      58   22390    24.5    36.2    3.58     2.1       0
    7    2012      59   22790    24.7    36.3    3.67     0.9    30.5
    7    2012      60   23180    21.0    35.7    2.80     1.0       0
    7    2012      61   21960    21.0    35.2    2.80     1.1       0
    7    2012      62   21420    24.5    35.0    3.62     0.8       0
    7    2012      63   23330    22.6    36.4    3.15     0.6       0
    7    2012      64   23330    24.6    36.2    3.64     0.9       0
    7    2012      65   20340    22.7    35.0    3.17     0.8       0
    7    2012      66   23330    22.8    36.0    3.19     0.9       0
    7    2012      67   21170    23.6    36.0    3.38     0.9       0
    7    2012      68   23800    24.9    36.5    3.70     1.6       0
    7    2012      69   22900    24.9    35.2    3.71     1.3       0
    7    2012      70   22000    24.7    36.2    3.68     0.3       0
    7    2012      71   23980    22.5    36.0    3.13     0.5       0
    7    2012      72   24550    23.1    36.3    3.26     1.0       0
    7    2012      73   24730    23.2    36.0    3.30     0.5       0
    7    2012      74   24660    24.0    37.8    3.49     0.6       0
    7    2012      75   22820    25.2    36.3    3.80     1.0       0
    7    2012      76   22180    24.2    37.5    3.53     1.1       0
    7    2012      77   21460    26.0    37.0    4.02     1.0       0
    7    2012      78   15910    25.9    36.5    4.02     0.3       0
    7    2012      79   20590    24.4    36.5    3.60     0.5       0
    7    2012      80   22970    25.8    38.3    3.95     1.5       6
    7    2012      81   21740    26.2    36.2    4.06     1.6       0
    7    2012      82   22640    25.8    38.0    3.97     1.0       0
    7    2012      83   22070    26.2    38.0    4.07     1.3       0
    7    2012      84   21740    26.4    37.7    4.14     1.0       0
    7    2012      85   21020    24.6    37.0    3.65     0.6       0
    7    2012      86   20300    23.5    36.2    3.37     0.5       0
    7    2012      87   22280    24.8    37.5    3.69     1.1       0
    7    2012      88   21560    25.0    37.1    3.73     1.6       0
    7    2012      89   22390    25.8    36.8    3.93     2.3       0
    7    2012      90    4460    24.3    31.2    3.57     0.5       0
    7    2012      91   22750    24.4    36.5    3.58     1.0       0
    7    2012      92   22390    24.8    37.1    3.68     1.3       0
    7    2012      93   21380    23.8    36.5    3.43     1.0       0
    7    2012      94   17390    24.8    37.2    3.70     0.6       6
    7    2012      95   14180    22.8    34.9    3.21     0.3     8.2
    7    2012      96   24770    21.7    39.2    2.93     1.6       0
    7    2012      97   21710    25.2    36.8    3.78     1.5       0
    7    2012      98   22280    25.2    37.4    3.79     1.4       0
    7    2012      99   21850    25.6    37.0    3.90     1.4       0
    7    2012     100   20300    23.0    37.0    3.23     1.3       0
    7    2012     101   20210    23.5    36.8    3.35     1.5       0
    7    2012     102   20120    23.9    38.4    3.44     1.6       0
    7    2012     103   22280    25.6    37.1    3.89     1.6       0
    7    2012     104   18760    25.3    35.2    3.82     1.3       0
    7    2012     105   19370    24.0    37.5    3.47     1.3     6.5
    7    2012     106   21960    26.8    37.8    4.23     2.0       0
    7    2012     107   14440    25.8    36.1    3.94     1.9       0
    7    2012     108   10040    22.5    33.0    3.14     0.3      79
    7    2012     109   23580    22.8    37.2    3.19     1.0       0
    7    2012     110   17930    24.0    36.0    3.48     1.0       0
    7    2012     111   21380    22.4    35.4    3.11     0.8       0
    7    2012     112   24080    23.4    37.2    3.34     0.6       0
    7    2012     113   20160    25.4    36.2    3.84     1.4       0
    7    2012     114   18720    25.2    38.0    3.79     1.1       0
    7    2012     115   22970    24.0    37.8    3.47     1.3       0
    7    2012     116   11020    21.0    30.2    2.82     0.0    11.6
    7    2012     117   17085    22.7    37.0    3.17     1.0       0
    7    2012     118   23150    24.2    36.0    3.54     0.8       0
    7    2012     119   22390    24.8    35.2    3.69     1.0       0
    7    2012     120   22720    25.0    36.5    3.73     1.6       0
    7    2012     121   22320    25.2    37.0    3.80     1.0       0
    7    2012     122   23400    23.3    36.2    3.30     1.4       0
    7    2012     123   19760    24.8    36.5    3.68     1.4       0
    7    2012     124   21280    25.2    36.2    3.78     1.6       0
    7    2012     125   17780    24.0    34.2    3.47     1.5       0
    7    2012     126   19730    23.0    36.0    3.24     0.8       0
    7    2012     127   22610    23.1    35.8    3.27     0.8       0
    7    2012     128   20950    25.0    36.1    3.73     1.4       0
    7    2012     129   21890    25.0    36.7    3.74     1.0     9.5
    7    2012     130   18110    22.9    35.0    3.21     1.3       0
    7    2012     131   23150    22.4    37.6    3.11     0.4       0
    7    2012     132   15480    24.3    35.5    3.56     0.9     3.6
    7    2012     133   15605    23.8    34.0    3.45     0.4    13.8
    7    2012     134   15730    22.7    33.8    3.17     0.8       0
    7    2012     135   12850    23.0    34.5    3.26     0.1       0
    7    2012     136   20480    22.8    35.5    3.21     0.0       0
    7    2012     137   16670    24.9    33.5    3.73     0.5       0
    7    2012     138   19580    24.7    34.0    3.66     1.0       0
    7    2012     139   21740    24.4    35.5    3.59     0.9       0
    7    2012     140    4540    21.8    33.5    2.98     0.5    16.8
    7    2012     141   20230    21.9    34.0    3.00     0.5       0
    7    2012     142   12350    23.0    31.8    3.25     0.4     6.5
    7    2012     143   20990    22.4    34.5    3.11     0.5       0
    7    2012     144   24050    23.2    36.5    3.28     1.1       0
    7    2012     145   21350    25.0    34.8    3.74     1.3       0
    7    2012     146   16600    21.2    34.2    2.83     1.8    46.6
    7    2012     147   18290    21.4    34.5    2.89     0.4       0
    7    2012     148   22430    22.6    34.2    3.14     1.1       0
    7    2012     149   19785    24.1    30.0    3.51     0.9       0
    7    2012     150   17140    23.8    33.5    3.43     1.0     4.5
    7    2012     151   11020    23.2    31.5    3.29     0.9    27.5
    7    2012     152   16130    22.9    33.7    3.23     0.5       0
    7    2012     153   21460    22.9    36.0    3.22     0.8       0
    7    2012     154   15370    22.0    34.0    3.01     1.1    24.6
    7    2012     155   18430    21.4    32.0    2.90     0.3       0
    7    2012     156   20300    23.2    35.5    3.29     0.9       0
    7    2012     157    7270    20.9    26.8    2.79     0.5    25.4
    7    2012     158   14080    21.4    31.6    2.89     0.6       0
    7    2012     159   18900    23.0    33.0    3.25     0.5       0
    7    2012     160   20270    23.3    34.7    3.31     0.9       0
    7    2012     161   21530    24.0    34.8    3.48     1.0       0
    7    2012     162   21380    24.2    34.2    3.54     0.9       0
    7    2012     163   19480    24.6    33.7    3.63     1.1       0
    7    2012     164    7310    24.2    32.0    3.54     0.8     4.5
    7    2012     165   10190    24.1    30.2    3.51     0.8     2.5
    7    2012     166   13070    23.8    33.8    3.45     0.4       0
    7    2012     167   11660    24.8    31.0    3.70     0.6       0
    7    2012     168   11990    24.0    33.5    3.49     0.8    10.3
    7    2012     169    8030    23.7    33.0    3.42     0.5       0
    7    2012     170    9500    23.0    28.5    3.26     0.0    25.6
    7    2012     171   19330    22.4    32.5    3.11     0.8       0
    7    2012     172   15050    24.0    32.9    3.48     1.0       0
    7    2012     173   16490    22.5    31.5    3.13     0.8      27
    7    2012     174   19040    22.8    32.3    3.19     0.9       0
    7    2012     175   15550    23.2    33.5    3.30     0.5       0
    7    2012     176   13900    22.9    31.0    3.22     0.9       0
    7    2012     177   13180    22.8    31.8    3.19     1.0       0
    7    2012     178   13540    22.8    32.0    3.19     1.0       0
    7    2012     179   13540    23.6    31.5    3.39     0.8       0
    7    2012     180    5000    20.5    26.3    2.71     0.5    85.5
    7    2012     181    8655    21.9    31.0    2.99     0.8       0
    7    2012     182   12310    23.1    30.0    3.27     0.8       0
    7    2012     183   17420    23.2    32.0    3.30     0.3       0
    7    2012     184   11380    21.6    30.0    2.92     1.4      48
    7    2012     185   16450    23.2    31.4    3.28     1.0       0
    7    2012     186   13460    22.2    30.2    3.07     0.5    11.5
    7    2012     187   20020    23.2    31.2    3.29     0.9       0
    7    2012     188   15770    22.2    31.5    3.05     1.4       0
    7    2012     189   16340    23.4    30.6    3.32     1.4       0
    7    2012     190   16810    23.2    31.4    3.28     1.0       0
    7    2012     191   17460    22.6    31.0    3.14     1.1       0
    7    2012     192   19120    22.5    32.4    3.13     0.9       0
    7    2012     193   19190    22.9    33.0    3.21     1.4       0
    7    2012     194   15980    22.8    31.8    3.20     0.5       0
    7    2012     195   18900    22.8    32.5    3.19     0.9       0
    7    2012     196   17710    23.2    33.0    3.28     1.4       0
    7    2012     197   19185    21.6    28.0    2.92     1.5      50
    7    2012     198   20660    22.8    32.0    3.19     1.1       0
    7    2012     199   21670    21.4    32.0    2.89     0.9       0
    7    2012     200   17930    21.8    32.4    2.97     0.9       0
    7    2012     201   18470    22.8    31.3    3.19     1.0       0
    7    2012     202   20450    21.4    32.5    2.88     1.0       0
    7    2012     203   15910    22.2    32.5    3.04     1.5       0
    7    2012     204   13680    22.4    32.0    3.09     1.3       0
    7    2012     205   11660    23.5    29.0    3.35     1.1       0
    7    2012     206   11920    22.9    29.2    3.22     0.9       0
    7    2012     207   16200    22.5    31.4    3.13     0.6       0
    7    2012     208   16130    22.4    33.1    3.11     0.8       0
    7    2012     209   16310    22.6    31.2    3.14     1.1       0
    7    2012     210   18140    23.0    30.8    3.23     1.1       0
    7    2012     211   13500    22.9    31.9    3.22     0.9       0
    7    2012     212   17240    21.9    31.2    2.98     1.4       0
    7    2012     213   13210    22.0    32.0    3.02     0.8       0
    7    2012     214    9180    22.2    29.2    3.04     1.6       0
    7    2012     215   17350    22.2    30.0    3.07     0.5       0
    7    2012     216   16060    21.8    30.2    2.97     0.8       0
    7    2012     217   15300    21.8    31.0    2.94     2.3       0
    7    2012     218   17280    21.9    29.2    2.98     1.4       0
    7    2012     219   14040    21.8    30.8    2.98     0.5       0
    7    2012     220   15950    21.3    30.2    2.86     1.3       0
    7    2012     221   14580    22.5    29.5    3.13     0.6       0
    7    2012     222   16920    22.0    31.8    3.02     0.4       0
    7    2012     223   14440    21.8    31.8    2.96     1.3       0
    7    2012     224   11090    22.0    29.5    3.01     1.1     8.8
    7    2012     225   18540    21.7    30.0    2.95     0.9       0
    7    2012     226   16780    21.3    30.5    2.86     1.3       0
    7    2012     227   16700    20.4    31.0    2.68     1.4       0
    7    2012     228   15370    21.7    30.5    2.94     1.1       0
    7    2012     229   17155    20.5    33.9    2.71     0.8       0
    7    2012     230   18940    20.8    31.4    2.77     0.5       0
    7    2012     231    9580    22.0    28.0    3.01     1.1      24
    7    2012     232   13640    23.0    29.0    3.23     1.3       0
    7    2012     233   19400    22.8    32.2    3.19     1.1       0
    7    2012     234   17680    22.0    31.8    3.01     1.0       0
    7    2012     235    9320    21.6    29.0    2.93     0.9      21
    7    2012     236   12380    22.7    29.5    3.17     1.1       0
    7    2012     237   19150    21.8    31.4    2.98     0.5       0
    7    2012     238   13930    22.7    30.0    3.18     0.5       0
    7    2012     239   16240    21.7    31.2    2.95     0.8       0
    7    2012     240   18680    22.2    31.5    3.06     1.0       0
    7    2012     241   14400    23.0    31.8    3.24     0.9       0
    7    2012     242   16490    22.3    31.9    3.07     1.1       0
    7    2012     243   20230    22.2    32.6    3.05     1.4       0
    7    2012     244   20200    22.2    32.8    3.05     1.4       0
    7    2012     245   16740    22.3    32.5    3.08     1.0       0
    7    2012     246   13280    22.0    31.4    3.01     0.9       0
    7    2012     247   13820    22.9    31.0    3.21     1.0       0
    7    2012     248   16270    23.0    31.6    3.22     1.8       0
    7    2012     249   16060    23.4    30.6    3.33     1.0       0
    7    2012     250   14980    22.0    31.0    3.02     0.8       0
    7    2012     251   19760    22.0    34.8    3.03     0.1       0
    7    2012     252   17680    23.0    33.7    3.25     0.6       0
    7    2012     253   19150    23.5    34.1    3.37     0.6       0
    7    2012     254   18360    23.4    33.8    3.33     1.1       0
    7    2012     255   14510    22.9    31.5    3.21     1.4       0
    7    2012     256   18360    23.6    32.5    3.38     1.3       0
    7    2012     257   16700    22.6    32.5    3.16     0.5       0
    7    2012     258   15440    22.0    33.0    3.02     0.8       0
    7    2012     259   15370    22.1    31.5    3.03     1.4       0
    7    2012     260   14980    22.1    32.3    3.02     1.5       0
    7    2012     261   17355    22.4    32.5    3.10     0.9       0
    7    2012     262   19730    22.2    33.7    3.05     1.4       0
    7    2012     263   14830    22.2    32.5    3.06     0.6       0
    7    2012     264   13430    22.9    31.4    3.22     0.6      10
    7    2012     265   20090    22.1    33.5    3.04     0.6       0
    7    2012     266   18720    23.2    34.7    3.28     1.1       0
    7    2012     267   17240    23.4    33.0    3.34     0.9       0
    7    2012     268   19760    23.3    34.4    3.31     0.9       4
    7    2012     269   18900    23.4    34.0    3.34     0.6       0
    7    2012     270   16880    23.3    34.7    3.31     0.8       0
    7    2012     271    4970    23.0    30.7    3.25     0.6    27.5
    7    2012     272   20950    21.7    34.0    2.97     0.0       0
    7    2012     273    9680    21.0    27.0    2.82     0.0    14.4
    7    2012     274   13180    21.3    30.2    2.86     0.9       0
    7    2012     275    9360    21.7    29.0    2.96     0.3       8
    7    2012     276   20770    22.2    33.4    3.07     0.3       0
    7    2012     277   20035    22.4    33.2    3.11     0.4      15
    7    2012     278   19300    22.1    35.0    3.04     0.6     4.5
    7    2012     279   20090    22.0    34.0    3.02     0.5       0
    7    2012     280   19730    21.3    33.6    2.87     0.8       0
    7    2012     281   19330    21.4    32.5    2.89     0.5    12.4
    7    2012     282   19550    23.0    33.7    3.25     0.6       0
    7    2012     283   21170    23.2    34.5    3.30     0.3       0
    7    2012     284   18140    23.7    33.2    3.42     0.3       0
    7    2012     285   18650    23.0    33.7    3.25     0.5       0
    7    2012     286   20340    23.6    33.3    3.38     0.9       0
    7    2012     287   20880    23.6    34.5    3.41     0.0       0
    7    2012     288   20020    23.4    33.8    3.34     0.5       3
    7    2012     289   16740    22.1    32.9    3.05     0.0    11.5
    7    2012     290   19220    21.8    33.7    2.97     0.8       0
    7    2012     291   20410    23.2    34.2    3.29     0.8       0
    7    2012     292   19840    22.8    34.0    3.20     0.5       0
    7    2012     293   20540    22.0    29.1    3.03     0.0       0
    7    2012     294   21240    21.2    33.0    2.85     0.8       0
    7    2012     295   19080    23.0    32.6    3.24     0.8       0
    7    2012     296   20120    22.8    32.8    3.19     0.9       0
    7    2012     297   19300    23.8    34.5    3.45     0.4      10
    7    2012     298   13680    21.8    31.0    2.98     0.6       0
    7    2012     299   18220    23.2    32.6    3.29     0.9       0
    7    2012     300   18320    23.1    33.2    3.27     0.6       4
    7    2012     301   15410    22.0    31.6    3.03     0.1    16.1
    7    2012     302   21460    20.9    35.2    2.78     0.9       0
    7    2012     303   17780    22.1    33.8    3.04     0.5       0
    7    2012     304   21490    24.2    34.0    3.55     0.3       4
    7    2012     305   21170    22.0    35.5    3.02     0.5       0
    7    2012     306   22680    23.2    35.7    3.28     1.1       0
    7    2012     307   20950    23.4    33.5    3.34     0.8       0
    7    2012     308   21060    23.8    33.8    3.44     0.6       0
    7    2012     309   21350    23.1    35.1    3.27     0.6       0
    7    2012     310   21640    23.7    35.6    3.42     0.6    18.2
    7    2012     311   21820    23.7    33.5    3.41     1.0       0
    7    2012     312   21490    22.8    36.0    3.19     0.9       0
    7    2012     313   19550    22.4    34.2    3.11     0.4       0
    7    2012     314   11660    22.8    32.9    3.19     0.9       0
    7    2012     315   20270    22.0    34.0    3.03     0.3       0
    7    2012     316   20700    22.8    33.8    3.20     0.5       0
    7    2012     317    7340    23.6    29.4    3.41     0.0    17.6
    7    2012     318   21020    22.9    36.1    3.22     0.6       0
    7    2012     319   20200    23.1    34.7    3.27     0.5       0
    7    2012     320   22140    23.8    35.0    3.46     0.0       0
    7    2012     321   21380    23.2    35.7    3.30     0.3       0
    7    2012     322   21200    24.0    35.7    3.49     0.5       0
    7    2012     323   20990    24.0    35.5    3.48     1.0       0
    7    2012     324   19800    25.0    35.8    3.75     0.8       0
    7    2012     325   20140    22.7    35.8    3.18     0.4       0
    7    2012     326   20480    23.9    35.1    3.46     0.8       0
    7    2012     327   21710    23.8    35.4    3.45     0.1       0
    7    2012     328   20590    23.3    35.1    3.31     0.9       0
    7    2012     329   20270    24.5    34.6    3.63     0.3       0
    7    2012     330   20120    23.2    33.5    3.30     0.5       0
    7    2012     331   10940    23.8    33.1    3.43     1.0       0
    7    2012     332   20990    21.2    35.0    2.86     0.3       0
    7    2012     333   19080    22.8    34.0    3.21     0.0       5
    7    2012     334   20380    22.3    34.1    3.09     0.4       0
    7    2012     335   19690    23.0    34.8    3.25     0.5       0
    7    2012     336   21100    23.7    34.5    3.42     0.5       0
    7    2012     337   19120    23.8    35.8    3.43     0.9       0
    7    2012     338   12920    23.0    31.5    3.25     0.5       0
    7    2012     339   20230    23.5    35.8    3.37     0.4       0
    7    2012     340   19510    24.5    34.0    3.61     0.9       0
    7    2012     341   18555    23.5    35.5    3.36     0.8       0
    7    2012     342   17600    21.3    32.9    2.87     0.8       0
    7    2012     343   20090    22.7    33.5    3.18     0.5       0
    7    2012     344   20660    22.5    34.8    3.12     1.0       0
    7    2012     345   19620    23.0    34.0    3.25     0.5       0
    7    2012     346   19730    22.2    34.5    3.06     0.8       0
    7    2012     347   20090    22.9    35.0    3.23     0.3      15
    7    2012     348   19580    23.0    34.5    3.25     0.6       0
    7    2012     349   20200    23.7    34.5    3.41     1.0       0
    7    2012     350   19910    23.1    35.2    3.27     0.5       0
    7    2012     351   19550    24.7    35.0    3.69     0.1       0
    7    2012     352   19120    24.0    33.9    3.50     0.1       0
    7    2012     353   20740    23.8    35.2    3.45     0.3       0
    7    2012     354   17820    24.4    35.0    3.59     0.8       0
    7    2012     355   20230    22.1    33.9    3.04     0.5       0
    7    2012     356   19800    23.2    34.0    3.30     0.4       0
    7    2012     357   20250    23.4    35.5    3.34     0.9       0
    7    2012     358   20700    23.0    35.5    3.25     0.5       0
    7    2012     359   20660    22.8    35.0    3.20     0.5       0
    7    2012     360   20990    23.0    34.8    3.24     1.0       0
    7    2012     361   20840    22.6    35.6    3.15     0.8       0
    7    2012     362   19440    22.8    35.3    3.20     0.6       0
    7    2012     363   20340    22.7    35.5    3.17     0.8       0
    7    2012     364   19940    22.3    34.8    3.09     0.6       0
    7    2012     365   18790    24.2    35.6    3.53     1.0       0
    7    2012     366   21130    23.0    35.2    3.24     1.0       0
