*-------------------------------------------------------------------------------*
*   Country: Togo
*   Station: Sevekpota
*      Year: 2013
*    Source: Direction de la Meteorologie Nationale 
*    Author: Guillaume Ezui
* Longitude: 0 96 E
*  Latitude: 6 44 N
* Elevation: 121 m.
*  Comments: Precipitation from Sevekpota, Solar Radiation from NASA for Sevekpota  
*  other weather data originate from Lome weather station 
*
*  Columns:
*  ========
*  station number
*  year
*  day
*  irradiation (kJ m-2 d-1)
*  minimum temperature (degrees Celsius)
*  maximum temperature (degrees Celsius)
*  vapour pressure (kPa)
*  mean wind speed (m s-1)
*  precipitation (mm d-1)
*--------------------------------------------------------------------------------*
   6.44  0.96   121.  0.00  0.00
  6   2013     1    17930  23.0   35.1     3.21  2.3    0.0
  6   2013     2    17860  22.3   35.3     3.05  2.5    0.0
  6   2013     3    17780  21.8   35.1     2.95  1.9    0.0
  6   2013     4    17930  22.3   36.0     3.06  2.0    0.0
  6   2013     5    18400  21.8   35.3     2.94  2.4    0.0
  6   2013     6    18860  19.8   33.5     2.55  2.0    0.0
  6   2013     7    18040  19.6   35.5     2.51  2.1    0.0
  6   2013     8    17960  22.7   33.7     3.15  1.9    0.0
  6   2013     9    17710  23.3   34.0     3.28  2.1    0.0
  6   2013    10    17390  24.8   33.5     3.68  1.5    0.0
  6   2013    11    17890  24.5   34.0     3.58  2.1    0.0
  6   2013    12    17890  24.1   35.6     3.47  2.3    0.0
  6   2013    13    18470  23.5   35.0     3.34  1.9    0.0
  6   2013    14    17785  24.4   33.2     3.56  1.9    0.0
  6   2013    15    17100  25.1   33.1     3.73  2.4    0.0
  6   2013    16    17960  26.0   34.4     3.97  2.6    0.0
  6   2013    17    17860  25.8   33.5     3.92  2.5    0.0
  6   2013    18    18430  26.1   33.4     4.00  2.6    0.0
  6   2013    19    18360  26.5   33.5     4.10  3.1    0.0
  6   2013    20    18400  26.7   33.2     4.17  2.8    0.0
  6   2013    21    17930  26.0   33.0     3.97  2.8    0.0
  6   2013    22    15260  26.6   34.0     4.17  2.1    0.0
  6   2013    23    17530  24.5   34.9     3.57  2.4    0.0
  6   2013    24    13250  23.0   30.3     3.21  2.1    0.0
  6   2013    25    18470  24.5   32.1     3.56  2.9    0.0
  6   2013    26    16490  26.0   32.7     3.95  3.4    0.0
  6   2013    27    18680  26.5   33.2     4.09  3.4    0.0
  6   2013    28    15770  25.5   31.3     3.85  2.1    0.0
  6   2013    29    14290  24.5   32.2     3.59  1.6    0.0
  6   2013    30    16665  24.0   33.0     3.45  2.1    0.0
  6   2013    31    19040  24.4   34.4     3.57  1.6    0.0
  6   2013    32    19330  22.0   34.7     2.97  3.0    0.0
  6   2013    33    19260  22.5   33.6     3.08  2.9    0.0
  6   2013    34    19040  23.0   32.5     3.21  2.1    0.0
  6   2013    35    18110  24.0   32.5     3.46  2.0    0.0
  6   2013    36    18790  25.0   33.5     3.70  2.5    0.0
  6   2013    37    17640  26.2   34.4     4.03  2.6    0.0
  6   2013    38    18040  26.5   33.3     4.12  2.5    0.0
  6   2013    39    15260  26.5   33.2     4.13  2.4    0.0
  6   2013    40    19330  25.1   33.3     3.72  2.9    0.0
  6   2013    41    15050  26.2   32.4     4.02  3.1    0.0
  6   2013    42    18250  25.5   34.0     3.83  2.9    0.0
  6   2013    43    15660  27.8   32.5     4.49  3.6    0.0
  6   2013    44    16630  27.0   33.5     4.25  3.1    0.0
  6   2013    45    18900  26.0   34.2     3.97  2.9    0.0
  6   2013    46    18865  26.5   33.7     4.09  3.6    0.0
  6   2013    47    18830  27.0   34.5     4.25  3.3    0.0
  6   2013    48    17640  27.2   32.7     4.27  4.3    0.0
  6   2013    49    13430  23.6   32.1     3.33  3.1    0.0
  6   2013    50    18610  26.5   32.7     4.10  3.1    0.0
  6   2013    51    18110  26.5   33.5     4.11  2.9    0.0
  6   2013    52    17280  25.9   33.7     3.95  2.3    0.0
  6   2013    53    16850  25.5   34.0     3.82  3.1    0.0
  6   2013    54    20230  26.3   33.5     4.02  3.8    0.0
  6   2013    55    18110  27.3   34.0     4.32  3.8    0.0
  6   2013    56    16600  27.7   33.5     4.46  3.5    0.0
  6   2013    57    18900  27.5   33.2     4.39  3.6    0.0
  6   2013    58    18790  27.0   34.0     4.26  2.9    0.0
  6   2013    59    18680  27.5   34.0     4.40  3.5    0.0
  6   2013    60    16960  27.2   34.5     4.29  3.8    0.0
  6   2013    61    19910  26.9   34.0     4.21  3.4    0.0
  6   2013    62    19460  22.4   33.5     3.05  3.3    0.0
  6   2013    63    19010  27.5   34.5     4.40  3.5   35.9
  6   2013    64    19940  22.0   33.2     2.96  3.6    0.0
  6   2013    65    19870  26.8   33.5     4.20  2.9    0.0
  6   2013    66    19510  26.6   34.0     4.11  3.8    0.0
  6   2013    67    18830  27.8   33.6     4.49  3.6    0.0
  6   2013    68    14290  27.5   33.6     4.40  3.4   14.5
  6   2013    69    13070  27.0   33.5     4.24  3.4    0.0
  6   2013    70    20630  26.2   33.3     4.01  3.4    0.0
  6   2013    71    20630  26.8   34.0     4.20  3.0    0.0
  6   2013    72    19580  27.0   34.5     4.26  3.0    0.0
  6   2013    73    21170  27.0   34.6     4.25  3.3    0.0
  6   2013    74    19550  27.0   34.0     4.23  3.8    0.0
  6   2013    75    7960   27.5   33.0     4.41  3.0    0.0
  6   2013    76    19400  24.0   32.8     3.44  2.8    0.0
  6   2013    77    20520  27.0   34.2     4.26  2.8    0.0
  6   2013    78    20630  26.8   34.0     4.19  3.1    0.0
  6   2013    79    20740  27.7   34.5     4.47  3.1    0.0
  6   2013    80    18290  27.8   33.5     4.47  4.0    0.0
  6   2013    81    17140  27.1   33.4     4.28  3.3    0.0
  6   2013    82    17680  26.6   34.0     4.13  3.1    0.0
  6   2013    83    15800  26.6   33.5     4.12  3.4    0.0
  6   2013    84    20990  25.8   34.5     3.92  2.5    0.0
  6   2013    85    18250  25.8   35.0     3.90  3.1    0.0
  6   2013    86    18580  25.7   34.0     3.87  3.4    0.0
  6   2013    87    6620   25.6   33.0     3.86  2.8    0.0
  6   2013    88    15190  26.4   34.0     4.08  3.0    0.0
  6   2013    89    19580  26.5   33.5     4.10  3.3    0.0
  6   2013    90    19580  27.2   34.5     4.32  3.0    0.0
  6   2013    91    20450  24.0   34.4     3.44  2.6   20.5
  6   2013    92    16520  22.4   32.0     3.08  2.1    8.0
  6   2013    93    19870  25.5   34.5     3.84  2.5    0.0
  6   2013    94    21165  26.4   34.2     4.08  2.8    0.0
  6   2013    95    22460  26.6   34.4     4.12  3.4    0.0
  6   2013    96    21020  27.0   34.5     4.25  3.3    0.0
  6   2013    97    20120  27.8   33.8     4.51  3.0    0.0
  6   2013    98    16490  25.0   31.9     3.71  2.3    0.0
  6   2013    99    13360  22.5   32.0     3.10  2.3   12.5
  6   2013    100   19620  23.5   32.5     3.33  2.0    0.0
  6   2013    101   22860  25.3   33.1     3.79  2.1    0.0
  6   2013    102   21380  26.6   33.5     4.13  3.1    0.0
  6   2013    103   20970  27.0   33.6     4.25  3.3    0.0
  6   2013    104   20560  26.4   34.1     4.07  3.1    0.0
  6   2013    105   18610  23.0   35.0     3.20  2.9    0.0
  6   2013    106   20450  26.8   33.1     4.18  3.4    0.0
  6   2013    107   18830  27.1   34.0     4.27  3.4    0.0
  6   2013    108   14720  26.6   34.0     4.13  3.1    0.0
  6   2013    109   19040  26.7   33.5     4.17  3.0    0.0
  6   2013    110   20660  26.7   34.8     4.19  2.4   24.5
  6   2013    111   22280  26.0   35.0     3.97  2.6    0.0
  6   2013    112   16450  25.4   33.0     3.82  2.1    0.0
  6   2013    113   15230  25.5   33.8     3.83  2.9    0.0
  6   2013    114   23040  25.4   34.1     3.81  2.6    0.0
  6   2013    115   22280  25.7   33.7     3.91  1.9    0.0
  6   2013    116   6260   23.0   30.0     3.22  2.0   39.7
  6   2013    117   23150  24.1   33.0     3.47  2.3    0.0
  6   2013    118   19760  26.1   33.6     4.03  1.8   11.5
  6   2013    119   20660  24.2   33.5     3.50  2.1    0.0
  6   2013    120   19800  26.6   34.0     4.14  2.9    0.0
  6   2013    121   7670   21.5   27.9     2.88  2.3   16.2
  6   2013    122   23470  24.3   32.3     3.54  1.5    0.0
  6   2013    123   22570  26.0   33.5     3.97  2.6    0.0
  6   2013    124   19940  27.1   33.0     4.31  2.5    0.0
  6   2013    125   16450  25.8   32.8     3.93  2.1    0.0
  6   2013    126   19045  26.0   34.5     4.01  1.6    9.5
  6   2013    127   21640  24.5   33.2     3.57  2.5    0.0
  6   2013    128   14830  23.8   29.7     3.42  1.4    0.0
  6   2013    129   19840  23.7   32.6     3.39  1.8    0.0
  6   2013    130   21020  26.5   33.5     4.10  3.1    0.0
  6   2013    131   7490   21.8   26.4     2.96  1.5   13.5
  6   2013    132   22570  22.5   32.0     3.11  1.6    0.0
  6   2013    133   15550  24.0   30.6     3.47  1.4    8.0
  6   2013    134   14720  24.9   29.5     3.70  1.5    0.0
  6   2013    135   18040  24.2   29.0     3.52  1.5    0.0
  6   2013    136   18110  24.0   32.0     3.47  1.6    0.0
  6   2013    137   19870  25.5   32.8     3.84  2.5    6.5
  6   2013    138   17750  25.6   32.5     3.86  2.8   24.0
  6   2013    139   18970  22.5   32.0     3.10  2.0    0.0
  6   2013    140   20700  24.9   32.2     3.68  2.3    0.0
  6   2013    141   18580  26.4   32.5     4.10  2.4    0.0
  6   2013    142   20360  25.8   33.5     3.92  2.5   12.5
  6   2013    143   22140  22.5   33.0     3.10  2.0    0.0
  6   2013    144   21200  25.7   33.1     3.90  2.3    0.0
  6   2013    145   20090  26.6   32.8     4.14  3.0    0.0
  6   2013    146   11840  23.0   30.6     3.22  1.8    0.0
  6   2013    147   11480  24.2   31.0     3.50  2.1    0.0
  6   2013    148   21820  24.0   32.9     3.46  2.0    0.0
  6   2013    149   17060  24.0   32.0     3.45  2.4    0.0
  6   2013    150   11380  24.9   31.8     3.68  2.3    0.0
  6   2013    151   13390  23.6   30.7     3.36  1.9    0.0
  6   2013    152   20990  25.5   33.0     3.84  2.3   19.5
  6   2013    153   19620  23.5   31.4     3.34  1.6    0.0
  6   2013    154   10440  23.0   28.8     3.22  1.6    0.0
  6   2013    155   20990  23.6   31.6     3.35  2.5    0.0
  6   2013    156   20660  25.4   34.0     3.80  2.8   18.2
  6   2013    157   14260  21.0   30.5     2.77  2.6    0.0
  6   2013    158   17910  24.1   32.0     3.48  1.9    0.0
  6   2013    159   21560  24.5   32.0     3.56  3.0    0.0
  6   2013    160   8680   21.8   29.6     2.94  2.5   16.5
  6   2013    161   16130  22.5   30.0     3.10  2.1    0.0
  6   2013    162   18500  22.5   32.0     3.11  1.6    0.0
  6   2013    163   18760  22.8   31.3     3.16  2.3    0.0
  6   2013    164   19550  25.1   31.3     3.71  3.3    0.0
  6   2013    165   20920  24.3   32.0     3.51  2.8    0.0
  6   2013    166   11740  24.0   29.2     3.46  2.0    8.0
  6   2013    167   14620  24.5   31.0     3.56  2.8    0.0
  6   2013    168   17500  24.7   31.0     3.61  3.1    0.0
  6   2013    169   19980  25.6   31.5     3.84  3.5    0.0
  6   2013    170   17030  25.4   31.1     3.79  3.1    0.0
  6   2013    171   16490  25.0   30.5     3.67  3.8    0.0
  6   2013    172   18470  26.0   30.5     3.94  3.6    0.0
  6   2013    173   18650  25.0   30.3     3.66  3.9    0.0
  6   2013    174   16615  25.6   29.7     3.81  4.5    0.0
  6   2013    175   14580  24.6   29.8     3.57  3.5    0.0
  6   2013    176   13100  25.2   29.7     3.72  3.6    0.0
  6   2013    177   21420  23.8   31.0     3.35  4.5    0.0
  6   2013    178   14470  24.3   29.5     3.49  3.6    0.0
  6   2013    179   11450  24.8   29.5     3.62  3.4    0.0
  6   2013    180   17860  24.0   30.8     3.42  3.4   19.5
  6   2013    181   15410  24.2   29.8     3.47  3.5    0.0
  6   2013    182   11230  24.8   29.8     3.61  3.8    0.0
  6   2013    183   9595   23.9   30.5     3.35  5.3    0.0
  6   2013    184   7960   24.0   31.0     3.38  5.0    0.0
  6   2013    185   17100  23.4   31.0     3.26  4.3   65.1
  6   2013    186   13390  23.6   30.0     3.31  4.0    0.0
  6   2013    187   18900  23.5   27.5     3.28  4.5    0.0
  6   2013    188   11990  23.5   29.8     3.29  4.0    0.0
  6   2013    189   13360  23.5   30.0     3.28  4.5    8.5
  6   2013    190   14385  23.0   30.0     3.17  3.9    0.0
  6   2013    191   15410  23.5   30.5     3.26  5.1    0.0
  6   2013    192   12740  23.5   30.0     3.28  4.1    0.0
  6   2013    193   14900  24.0   29.0     3.42  3.6   20.2
  6   2013    194   19550  24.0   30.0     3.40  4.4    0.0
  6   2013    195   16740  24.0   31.0     3.39  4.8   11.2
  6   2013    196   17530  24.0   31.2     3.40  4.3    0.0
  6   2013    197   16200  24.5   31.0     3.53  3.9    0.0
  6   2013    198   18140  24.4   31.5     3.48  5.1    0.0
  6   2013    199   16200  24.8   30.5     3.57  5.5    0.0
  6   2013    200   14440  24.5   29.0     3.51  4.8    5.0
  6   2013    201   8140   24.3   29.0     3.46  4.9    0.0
  6   2013    202   12850  24.0   29.0     3.38  5.0    0.0
  6   2013    203   16340  24.0   28.5     3.38  5.3    0.0
  6   2013    204   16450  23.8   30.5     3.34  4.8    0.0
  6   2013    205   6190   24.0   29.5     3.42  3.4   28.3
  6   2013    206   10870  23.5   26.0     3.30  3.6    0.0
  6   2013    207   15550  23.5   28.5     3.29  4.0    0.0
  6   2013    208   13360  23.5   30.5     3.26  5.1    0.0
  6   2013    209   13460  23.3   29.0     3.21  5.3    0.0
  6   2013    210   19300  23.0   28.0     3.15  4.9    0.0
  6   2013    211   17530  22.0   29.5     2.95  3.9    0.0
  6   2013    212   21890  23.0   30.0     3.15  4.9    0.0
  6   2013    213   19400  22.8   28.5     3.09  5.6    0.0
  6   2013    214   15520  23.0   29.0     3.14  5.4    0.0
  6   2013    215   21020  22.0   29.0     2.94  4.8    0.0
  6   2013    216   20230  21.8   29.8     2.90  4.4    0.0
  6   2013    217   21560  22.0   29.5     2.93  5.1    0.0
  6   2013    218   16990  22.5   30.5     3.04  5.1    0.0
  6   2013    219   18500  23.0   30.0     3.12  6.4    0.0
  6   2013    220   20590  22.0   29.5     2.92  5.6    0.0
  6   2013    221   20230  22.0   30.5     2.95  4.3    0.0
  6   2013    222   19350  21.5   29.5     2.84  4.6    0.0
  6   2013    223   18470  20.8   29.5     2.70  4.3    0.0
  6   2013    224   15700  21.5   29.5     2.83  4.8    0.0
  6   2013    225   19220  21.0   29.5     2.74  4.5    0.0
  6   2013    226   17500  21.5   29.5     2.84  4.4    0.0
  6   2013    227   16200  22.1   29.5     2.93  6.4    0.0
  6   2013    228   8890   21.5   28.0     2.83  5.1    0.0
  6   2013    229   17680  23.5   30.0     3.27  4.9    0.0
  6   2013    230   19120  20.0   30.0     2.55  4.4    0.0
  6   2013    231   16380  23.0   29.5     3.15  4.9    0.0
  6   2013    232   19080  20.5   29.5     2.63  5.5    0.0
  6   2013    233   19510  24.0   29.5     3.36  5.8    0.0
  6   2013    234   20380  23.5   30.0     3.26  5.1    0.0
  6   2013    235   15410  22.0   30.0     2.92  5.5    0.0
  6   2013    236   13970  23.5   30.5     3.27  4.6    0.0
  6   2013    237   16060  23.0   30.5     3.15  4.9    0.0
  6   2013    238   17680  24.5   30.6     3.50  5.1    0.0
  6   2013    239   19300  24.0   31.0     3.40  4.4    0.0
  6   2013    240   18040  24.0   31.5     3.37  5.4    0.0
  6   2013    241   11090  24.0   31.5     3.41  3.8    0.0
  6   2013    242   15160  24.0   30.0     3.37  5.6    0.0
  6   2013    243   10840  23.5   29.0     3.27  4.8    0.0
  6   2013    244   13970  24.0   28.5     3.36  5.9    0.0
  6   2013    245   12130  23.5   29.5     3.26  5.1    0.0
  6   2013    246   17060  23.5   29.5     3.30  3.3    0.0
  6   2013    247   18680  24.0   30.5     3.40  4.3    0.0
  6   2013    248   9470   23.8   30.5     3.32  5.8   35.0
  6   2013    249   12280  23.5   27.5     3.28  4.3    0.0
  6   2013    250   18720  23.8   30.5     3.36  3.9    0.0
  6   2013    251   12890  24.0   30.5     3.41  4.0    0.0
  6   2013    252   15700  24.0   30.5     3.39  4.8   18.0
  6   2013    253   14830  24.8   31.2     3.57  5.5    0.0
  6   2013    254   15355  24.0   30.0     3.36  6.0    0.0
  6   2013    255   15880  23.0   29.0     3.14  5.3    0.0
  6   2013    256   14690  24.0   30.5     3.39  4.9    0.0
  6   2013    257   14720  25.0   31.0     3.65  4.5    0.0
  6   2013    258   14290  24.8   30.5     3.60  4.4    0.0
  6   2013    259   16270  24.5   31.0     3.51  4.9    0.0
  6   2013    260   18470  24.5   30.5     3.52  4.5   12.5
  6   2013    261   18070  25.0   31.5     3.65  4.3    0.0
  6   2013    262   18180  25.2   31.0     3.68  5.3    0.0
  6   2013    263   18610  25.0   31.0     3.63  5.3    0.0
  6   2013    264   17820  24.8   31.0     3.57  5.4    5.2
  6   2013    265   19870  24.0   31.5     3.36  5.9    0.0
  6   2013    266   8820   23.0   29.5     3.13  6.0    0.0
  6   2013    267   9970   23.2   28.5     3.20  4.8   22.2
  6   2013    268   15190  23.3   31.0     3.23  4.5    0.0
  6   2013    269   16520  24.0   30.5     3.40  4.1    0.0
  6   2013    270   13950  23.4   29.0     3.26  4.1    0.0
  6   2013    271   11380  23.8   30.0     3.35  4.4    0.0
  6   2013    272   18250  23.4   30.5     3.27  3.6    0.0
  6   2013    273   18320  24.8   30.5     3.57  5.3    0.0
  6   2013    274   18040  24.8   31.0     3.57  5.3    0.0
  6   2013    275   16780  24.6   31.0     3.54  4.8    0.0
  6   2013    276   11880  25.0   30.5     3.62  5.6    0.0
  6   2013    277   14330  24.5   29.5     3.53  4.0    6.2
  6   2013    278   13030  23.5   30.5     3.28  4.1    0.0
  6   2013    279   19940  24.5   30.5     3.53  4.0    0.0
  6   2013    280   20300  22.5   31.5     3.09  2.4    0.0
  6   2013    281   14900  23.8   31.5     3.35  4.3    0.0
  6   2013    282   18610  24.0   31.5     3.38  5.3    0.0
  6   2013    283   17030  24.0   31.5     3.37  5.5    0.0
  6   2013    284   15260  24.0   32.0     3.45  2.4    0.0
  6   2013    285   21530  23.5   32.0     3.30  3.4    0.0
  6   2013    286   19835  24.0   31.5     3.40  4.1    0.0
  6   2013    287   18140  24.3   32.5     3.47  4.5   16.7
  6   2013    288   15660  24.5   31.0     3.52  4.3   24.5
  6   2013    289   20200  23.4   33.0     3.28  3.1    0.0
  6   2013    290   17680  24.0   32.5     3.41  3.9    0.0
  6   2013    291   20880  24.5   32.5     3.52  4.5    0.0
  6   2013    292   19550  25.0   33.0     3.66  4.1    0.0
  6   2013    293   21560  25.0   33.2     3.64  4.6   15.0
  6   2013    294   18180  24.8   32.5     3.63  3.1    0.0
  6   2013    295   22100  24.5   32.5     3.56  2.9    0.0
  6   2013    296   19940  24.0   32.5     3.42  3.3   18.2
  6   2013    297   19940  24.5   32.5     3.52  4.6    6.0
  6   2013    298   18110  25.2   32.0     3.69  4.9   12.4
  6   2013    299   19785  25.0   32.5     3.65  4.5    4.5
  6   2013    300   21460  25.2   33.0     3.70  4.5   58.3
  6   2013    301   21780  25.0   33.0     3.66  4.0    6.7
  6   2013    302   18520  25.4   32.0     3.79  3.1    5.0
  6   2013    303   15260  25.0   32.5     3.69  2.9    4.5
  6   2013    304   19190  25.5   33.0     3.81  3.5    0.0
  6   2013    305   17860  24.5   33.0     3.57  2.5   16.5
  6   2013    306   17600  23.8   32.0     3.38  3.1    0.0
  6   2013    307   21100  24.5   32.5     3.55  3.1    0.0
  6   2013    308   20230  25.0   33.5     3.67  3.6    0.0
  6   2013    309   17530  25.2   32.8     3.70  4.3    0.0
  6   2013    310   19870  24.5   32.8     3.55  3.4    0.0
  6   2013    311   19185  25.2   33.0     3.72  3.6    0.0
  6   2013    312   18500  25.2   33.0     3.71  4.1    0.0
  6   2013    313   20020  25.5   33.0     3.81  3.5   24.2
  6   2013    314   21310  23.2   32.6     3.23  3.6    0.0
  6   2013    315   19440  25.5   32.8     3.77  4.8    0.0
  6   2013    316   19010  24.7   32.5     3.55  5.1    0.0
  6   2013    317   18540  25.2   32.6     3.67  5.5    0.0
  6   2013    318   17570  25.4   33.0     3.74  4.9    0.0
  6   2013    319   16600  25.3   32.5     3.73  4.3    0.0
  6   2013    320   19010  25.5   33.5     3.79  4.1    0.0
  6   2013    321   17420  25.0   33.5     3.67  3.8    0.0
  6   2013    322   19510  25.0   34.0     3.64  4.6    0.0
  6   2013    323   18110  25.8   33.2     3.88  3.8    0.0
  6   2013    324   16850  26.2   32.5     3.98  4.4    0.0
  6   2013    325   13970  25.8   33.0     3.87  4.3    0.0
  6   2013    326   16240  25.0   32.5     3.65  4.3    0.0
  6   2013    327   19690  25.2   33.0     3.69  4.8    0.0
  6   2013    328   17960  23.3   32.5     3.27  2.5    0.0
  6   2013    329   17390  25.0   32.0     3.66  4.0    0.0
  6   2013    330   17890  25.0   33.0     3.67  3.6    0.0
  6   2013    331   16850  25.0   33.0     3.68  3.1    0.0
  6   2013    332   19870  25.0   34.0     3.69  2.8    0.0
  6   2013    333   19120  25.0   33.0     3.67  3.5    0.0
  6   2013    334   17770  25.5   33.0     3.78  4.5    0.0
  6   2013    335   16420  26.0   34.0     3.88  5.6    0.0
  6   2013    336   16130  26.0   33.5     3.93  4.1    0.0
  6   2013    337   12280  26.0   33.0     3.95  3.5    0.0
  6   2013    338   15880  25.8   34.0     3.87  4.1    0.0
  6   2013    339   18360  25.0   34.2     3.65  4.5    0.0
  6   2013    340   18430  25.5   34.5     3.76  5.1    0.0
  6   2013    341   18540  25.5   33.0     3.78  4.4    0.0
  6   2013    342   19220  25.0   35.5     3.68  3.4    0.0
  6   2013    343   18940  25.0   33.0     3.68  3.4    0.0
  6   2013    344   19080  25.0   32.5     3.64  4.8    0.0
  6   2013    345   19190  25.2   32.5     3.65  6.5    0.0
  6   2013    346   19040  25.0   33.0     3.63  5.1    0.0
  6   2013    347   18720  25.0   33.0     3.64  4.9    0.0
  6   2013    348   14150  23.8   32.0     3.42  1.6    0.0
  6   2013    349   18610  23.5   33.5     3.32  2.5    0.0
  6   2013    350   19060  23.2   34.0     3.24  3.0    0.0
  6   2013    351   19510  21.5   34.5     2.87  2.6    0.0
  6   2013    352   19220  21.0   35.5     2.77  2.9    0.0
  6   2013    353   19400  21.5   34.0     2.89  1.9    0.0
  6   2013    354   19190  23.0   32.7     3.21  2.1    0.0
  6   2013    355   18720  23.5   32.5     3.31  2.8    0.0
  6   2013    356   19300  24.3   32.6     3.50  3.1    0.0
  6   2013    357   18830  25.0   33.0     3.69  2.9    0.0
  6   2013    358   19260  25.3   33.2     3.76  3.4    0.0
  6   2013    359   19150  25.5   33.0     3.80  3.6    0.0
  6   2013    360   19040  25.2   32.7     3.73  3.5    0.0
  6   2013    361   18110  25.0   33.5     3.67  3.8    0.0
  6   2013    362   18320  25.4   34.1     3.79  3.1    0.0
  6   2013    363   15440  25.5   33.0     3.80  3.8    0.0
  6   2013    364   17930  25.3   33.5     3.72  4.8    0.0
  6   2013    365   18180  24.0   33.0     3.40  4.4    0.0
