*-------------------------------------------------------------------------------*
*   Country: Togo
*   Station: Sevekpota
*      Year: 2012
*    Source: Direction de la Meteorologie Nationale 
*    Author: Guillaume Ezui
* Longitude: 0 96 E
*  Latitude: 6 44 N
* Elevation: 121 m.
*  Comments: Precipitation from Sevekpota, Solar Radiation from NASA for Sevekpota  
*  other weather data originate from Lome weather station 
*
*  Columns:
*  ========
*  station number
*  year
*  day
*  irradiation (kJ m-2 d-1)
*  minimum temperature (degrees Celsius)
*  maximum temperature (degrees Celsius)
*  vapour pressure (kPa)
*  mean wind speed (m s-1)
*  precipitation (mm d-1)
*--------------------------------------------------------------------------------*
   6.44  0.96   121.  0.00  0.00
  6   2012     1    21490  24.2   32.4     3.51  1.8    0.0
  6   2012     2    21640  24.9   34.1     3.69  1.9    0.0
  6   2012     3    20880  25.0   33.5     3.72  1.8    0.0
  6   2012     4    21890  23.5   34.5     3.35  1.5    0.0
  6   2012     5    21850  23.0   33.6     3.21  2.3    0.0
  6   2012     6    20880  23.6   32.8     3.37  1.5    0.0
  6   2012     7    21420  23.3   34.5     3.29  1.8    0.0
  6   2012     8    22640  22.0   33.6     3.00  1.5    0.0
  6   2012     9    21710  23.4   33.2     3.32  1.5    0.0
  6   2012    10    20590  24.5   34.0     3.59  1.8    0.0
  6   2012    11    22000  24.3   35.0     3.53  2.0    0.0
  6   2012    12    21945  24.0   34.0     3.46  1.9    0.0
  6   2012    13    21890  22.5   33.5     3.11  1.6    0.0
  6   2012    14    20770  21.0   33.5     2.77  2.5    0.0
  6   2012    15    21200  21.3   33.0     2.85  1.8    0.0
  6   2012    16    22210  22.0   33.5     3.00  1.6    0.0
  6   2012    17    22210  21.0   33.5     2.79  1.4    0.0
  6   2012    18    22500  23.2   31.3     3.25  2.4    0.0
  6   2012    19    21740  24.0   31.7     3.45  2.1    0.0
  6   2012    20    20560  23.6   32.0     3.36  2.1    0.0
  6   2012    21    20830  25.3   32.2     3.77  2.9    0.0
  6   2012    22    21100  23.5   34.2     3.33  2.3    0.0
  6   2012    23    19400  24.8   33.4     3.66  2.1    0.0
  6   2012    24    21310  24.2   33.5     3.52  1.5    0.0
  6   2012    25    22790  25.0   33.1     3.69  2.9    0.0
  6   2012    26    22030  26.0   32.1     3.96  3.0    0.0
  6   2012    27    20560  24.5   32.5     3.56  3.0    0.0
  6   2012    28    21295  24.2   29.2     3.51  2.0    0.0
  6   2012    29    22030  25.2   32.7     3.75  2.6    0.0
  6   2012    30    22030  26.5   32.2     4.09  3.4    0.0
  6   2012    31    22570  25.2   31.6     3.73  3.3    0.0
  6   2012    32    22320  25.2   32.1     3.74  3.0    0.0
  6   2012    33    20740  25.8   32.5     3.91  2.9    0.0
  6   2012    34    18320  25.5   32.5     3.84  2.4    0.0
  6   2012    35    20340  25.5   32.5     3.83  2.6    0.0
  6   2012    36    20090  25.7   32.6     3.88  2.9    0.0
  6   2012    37    20555  25.8   34.5     3.92  2.5    0.0
  6   2012    38    21020  26.0   34.8     3.98  2.4    0.0
  6   2012    39    22610  24.6   35.0     3.60  2.5    0.0
  6   2012    40    21420  24.1   31.1     3.47  2.4    0.0
  6   2012    41    23110  24.8   31.2     3.63  3.0    0.0
  6   2012    42    21780  26.2   32.0     4.01  3.4    0.0
  6   2012    43    22210  25.9   32.4     3.91  3.8    0.0
  6   2012    44    22300  26.3   32.1     4.05  3.0    0.0
  6   2012    45    22390  26.2   32.3     4.00  3.5    0.0
  6   2012    46    15950  26.2   31.7     4.00  3.6    0.0
  6   2012    47    21920  26.3   32.6     4.05  3.0    0.0
  6   2012    48    20590  26.5   32.4     4.09  3.5    0.0
  6   2012    49    20380  26.6   32.0     4.13  3.1    0.0
  6   2012    50    21280  21.8   33.1     2.94  2.3    0.0
  6   2012    51    22360  24.8   32.2     3.63  3.3    0.0
  6   2012    52    11270  23.5   32.0     3.31  3.1    0.0
  6   2012    53    13610  24.5   32.5     3.57  2.6    0.0
  6   2012    54    15950  23.9   32.6     3.41  2.9    0.0
  6   2012    55    24120  25.0   33.0     3.69  2.9    0.0
  6   2012    56    22680  25.9   32.1     3.92  3.4    0.0
  6   2012    57    20770  26.0   33.0     3.95  3.3    4.5
  6   2012    58    22390  26.4   33.0     4.08  3.0   16.2
  6   2012    59    22030  26.8   33.0     4.19  3.1    0.0
  6   2012    60    22660  20.5   32.0     2.68  2.3   22.0
  6   2012    61    23290  25.0   32.5     3.69  2.9    0.0
  6   2012    62    22360  26.0   31.7     3.97  2.9    0.0
  6   2012    63    24230  24.2   32.5     3.49  2.6    0.0
  6   2012    64    23150  26.6   33.0     4.14  3.0    0.0
  6   2012    65    20590  26.5   33.5     4.12  2.6    6.0
  6   2012    66    23720  25.4   33.4     3.79  3.0    0.0
  6   2012    67    23360  25.8   33.2     3.89  3.4    0.0
  6   2012    68    24230  26.5   33.2     4.09  3.4    0.0
  6   2012    69    23720  27.0   33.2     4.26  3.0    0.0
  6   2012    70    21890  26.5   34.8     4.12  2.5    3.5
  6   2012    71    24160  24.8   35.2     3.66  1.9    0.0
  6   2012    72    23800  26.5   35.0     4.13  2.4    0.0
  6   2012    73    25380  26.6   34.0     4.14  2.9    0.0
  6   2012    74    24660  26.5   34.2     4.11  2.9    0.0
  6   2012    75    23260  27.5   34.2     4.41  3.0    0.0
  6   2012    76    21475  27.0   34.5     4.25  3.3    0.0
  6   2012    77    19690  28.0   34.4     4.57  3.0    0.0
  6   2012    78    18470  27.2   33.0     4.34  2.5    5.0
  6   2012    79    21420  25.6   33.6     3.87  2.4    0.0
  6   2012    80    22640  27.1   34.5     4.29  2.9    0.0
  6   2012    81    21240  28.0   34.0     4.56  3.4    0.0
  6   2012    82    23110  27.3   34.0     4.34  3.4    0.0
  6   2012    83    21200  27.4   34.0     4.36  3.6    0.0
  6   2012    84    20090  28.2   33.5     4.63  3.3    0.0
  6   2012    85    20485  27.0   34.1     4.26  2.9   31.5
  6   2012    86    20880  25.0   33.1     3.70  2.6    0.0
  6   2012    87    21740  26.3   34.0     4.03  3.5    0.0
  6   2012    88    20740  27.2   33.0     4.31  3.4    0.0
  6   2012    89    20810  27.0   34.0     4.24  3.6    0.0
  6   2012    90    8210   23.5   31.3     3.33  2.0    0.0
  6   2012    91    24260  26.9   32.6     4.22  3.3    0.0
  6   2012    92    20660  26.0   32.7     3.95  3.3    0.0
  6   2012    93    17060  26.3   33.3     4.05  2.8    0.0
  6   2012    94    19580  26.2   34.0     4.03  2.6   25.5
  6   2012    95    15480  21.1   34.0     2.81  1.8    0.0
  6   2012    96    24840  23.6   33.2     3.33  3.3    0.0
  6   2012    97    22180  26.5   33.2     4.08  3.8    0.0
  6   2012    98    21890  27.0   33.2     4.24  3.5    0.0
  6   2012    99    22100  26.6   33.3     4.13  3.1    0.0
  6   2012    100   19840  25.0   33.0     3.68  3.1    0.0
  6   2012    101   22280  25.4   33.4     3.80  2.8    0.0
  6   2012    102   20700  26.0   34.5     3.96  3.0    0.0
  6   2012    103   21100  26.8   33.0     4.15  4.3    0.0
  6   2012    104   16160  26.5   33.5     4.12  2.5    0.0
  6   2012    105   21710  26.3   34.0     4.05  2.8    0.0
  6   2012    106   22390  27.4   33.0     4.34  4.3    0.0
  6   2012    107   18970  26.5   32.0     4.09  3.6    0.0
  6   2012    108   21130  23.0   29.6     3.21  2.3    0.0
  6   2012    109   23290  24.5   32.7     3.57  2.5    0.0
  6   2012    110   18290  25.6   32.0     3.86  2.5    0.0
  6   2012    111   19220  24.0   33.0     3.47  1.6    0.0
  6   2012    112   23650  25.4   32.3     3.79  3.3    0.0
  6   2012    113   20480  26.0   32.2     3.96  3.0    0.0
  6   2012    114   20560  26.4   32.4     4.09  2.5    0.0
  6   2012    115   22030  26.0   32.7     3.96  3.0    0.0
  6   2012    116   8030   21.4   28.5     2.86  2.0    9.1
  6   2012    117   24190  23.2   32.7     3.25  2.4    0.0
  6   2012    118   23400  25.2   33.0     3.74  3.0    0.0
  6   2012    119   21710  26.5   33.0     4.11  3.0    0.0
  6   2012    120   22430  26.2   33.3     4.03  2.8    0.0
  6   2012    121   22250  26.2   33.4     4.01  3.3   13.1
  6   2012    122   22570  24.3   32.8     3.52  2.6    0.0
  6   2012    123   20380  26.2   33.0     4.04  2.4    0.0
  6   2012    124   20035  26.5   33.5     4.07  4.1    2.5
  6   2012    125   19690  24.6   32.4     3.59  2.8    0.0
  6   2012    126   20200  25.3   33.8     3.78  2.5    0.0
  6   2012    127   22100  26.0   33.0     3.97  2.9    0.0
  6   2012    128   20020  27.5   32.5     4.40  3.3    0.0
  6   2012    129   21640  26.5   33.6     4.11  2.9    0.0
  6   2012    130   19580  24.1   32.7     3.46  2.9    0.0
  6   2012    131   23870  23.7   33.6     3.37  2.5    0.0
  6   2012    132   14040  25.4   33.3     3.79  3.0    0.0
  6   2012    133   18860  25.6   34.0     3.85  2.9    0.0
  6   2012    134   16960  23.2   31.5     3.25  2.5   18.1
  6   2012    135   13750  24.6   31.7     3.61  1.9    0.0
  6   2012    136   19870  23.5   33.1     3.33  2.3    0.0
  6   2012    137   16560  25.2   32.0     3.75  2.8    0.0
  6   2012    138   20230  26.0   32.8     3.95  3.3    0.0
  6   2012    139   22720  25.8   32.6     3.89  3.5    0.0
  6   2012    140   21460  22.5   32.7     3.09  2.4   25.0
  6   2012    141   20200  22.5   32.2     3.10  2.1    0.0
  6   2012    142   15260  22.0   32.0     2.98  2.4    0.0
  6   2012    143   19910  22.2   31.7     3.04  1.8    0.0
  6   2012    144   23080  24.1   33.0     3.47  2.5    0.0
  6   2012    145   21280  26.0   32.0     3.95  3.5    0.0
  6   2012    146   14620  25.5   32.5     3.81  3.5    0.0
  6   2012    147   17750  21.5   30.6     2.88  2.5    0.0
  6   2012    148   22030  23.6   31.8     3.35  2.3    0.0
  6   2012    149   16520  23.8   29.5     3.41  1.9    0.0
  6   2012    150   17710  24.5   31.0     3.57  2.4    0.0
  6   2012    151   14180  24.8   28.6     3.66  1.9    0.0
  6   2012    152   17640  24.5   31.0     3.58  2.0    0.0
  6   2012    153   20200  24.6   32.6     3.61  1.9    0.0
  6   2012    154   19620  23.0   31.1     3.21  2.4   21.2
  6   2012    155   13900  22.6   30.0     3.13  1.5    0.0
  6   2012    156   10135  24.0   31.2     3.45  2.3    0.0
  6   2012    157   6370   20.7   26.7     2.71  2.5   10.6
  6   2012    158   15050  23.1   30.5     3.26  1.1    0.0
  6   2012    159   22500  23.4   32.0     3.31  1.9    0.0
  6   2012    160   19550  24.8   31.7     3.65  2.4    0.0
  6   2012    161   21920  24.6   32.0     3.59  2.6   13.8
  6   2012    162   22100  25.0   31.8     3.68  3.4    0.0
  6   2012    163   21060  25.5   31.3     3.81  3.3    0.0
  6   2012    164   11560  24.5   29.5     3.59  1.9    0.0
  6   2012    165   8890   25.0   29.3     3.72  1.9    5.2
  6   2012    166   11740  25.1   31.0     3.73  2.5    0.0
  6   2012    167   11380  25.5   29.0     3.83  2.9    0.0
  6   2012    168   17570  24.5   31.0     3.57  2.6    0.0
  6   2012    169   11230  24.3   30.7     3.52  2.3    0.0
  6   2012    170   9940   23.1   29.6     3.24  2.0    0.0
  6   2012    171   21780  23.5   30.2     3.32  2.6    0.0
  6   2012    172   17855  25.0   30.5     3.68  3.3    0.0
  6   2012    173   13930  23.6   29.5     3.34  2.6    0.0
  6   2012    174   22030  24.0   30.1     3.44  2.8    0.0
  6   2012    175   16850  24.0   29.7     3.44  2.8    0.0
  6   2012    176   11090  24.0   29.8     3.45  2.1    0.0
  6   2012    177   16450  23.5   29.5     3.31  2.9    0.0
  6   2012    178   17030  23.2   29.0     3.25  2.4    0.0
  6   2012    179   16130  24.2   29.4     3.47  3.3    0.0
  6   2012    180   7060   20.6   25.9     2.71  1.5   44.5
  6   2012    181   16850  22.1   28.0     3.02  1.6    0.0
  6   2012    182   13180  24.2   29.5     3.49  2.6    0.0
  6   2012    183   20020  23.5   29.6     3.31  3.0    2.2
  6   2012    184   15950  23.6   27.8     3.33  3.3    1.5
  6   2012    185   11950  24.0   29.5     3.43  2.9    5.0
  6   2012    186   16630  23.0   29.0     3.19  3.3    0.0
  6   2012    187   19620  25.1   29.5     3.71  3.1    0.0
  6   2012    188   18055  23.6   29.6     3.33  3.0    0.0
  6   2012    189   16490  23.6   29.5     3.34  2.9    4.8
  6   2012    190   16270  24.5   30.0     3.55  3.4    0.0
  6   2012    191   16020  24.3   30.0     3.50  3.4    0.0
  6   2012    192   19910  24.0   29.5     3.43  3.0    0.0
  6   2012    193   20770  23.1   30.5     3.21  3.1    0.0
  6   2012    194   15300  23.5   29.6     3.31  3.0    0.0
  6   2012    195   19580  24.4   29.9     3.52  3.5    0.0
  6   2012    196   18680  24.0   30.0     3.41  3.9    0.0
  6   2012    197   8390   21.6   27.2     2.88  3.5   58.0
  6   2012    198   20200  24.0   29.0     3.42  3.4    0.0
  6   2012    199   23110  22.0   28.5     2.97  2.9    0.0
  6   2012    200   21100  22.3   28.5     3.04  3.0    0.0
  6   2012    201   15980  23.5   29.1     3.29  4.0    0.0
  6   2012    202   18610  22.8   29.5     3.14  3.5    0.0
  6   2012    203   15910  23.2   30.0     3.24  3.1    0.0
  6   2012    204   14400  24.0   29.3     3.40  4.1    0.0
  6   2012    205   12890  24.0   28.2     3.42  3.5    0.0
  6   2012    206   11300  23.6   27.8     3.34  2.8    0.0
  6   2012    207   15340  24.0   29.0     3.42  3.6    0.0
  6   2012    208   17890  22.7   31.2     3.12  3.4    0.0
  6   2012    209   15080  23.6   29.2     3.32  3.8    0.0
  6   2012    210   16740  23.6   28.5     3.31  4.0    0.0
  6   2012    211   14690  23.0   29.2     3.18  3.8    0.0
  6   2012    212   18580  23.1   28.7     3.21  3.4    0.0
  6   2012    213   19580  23.0   29.3     3.16  4.4    0.0
  6   2012    214   10120  22.8   26.8     3.13  3.6    0.0
  6   2012    215   15080  23.2   28.2     3.23  3.3    0.0
  6   2012    216   14720  23.1   28.5     3.20  3.8    0.0
  6   2012    217   17030  23.5   29.2     3.28  4.5    0.0
  6   2012    218   14980  23.7   28.4     3.33  4.1    0.0
  6   2012    219   16700  22.6   28.0     3.09  3.5    0.0
  6   2012    220   15245  23.0   27.5     3.18  3.8    0.0
  6   2012    221   13790  23.0   28.5     3.17  4.1    0.0
  6   2012    222   19910  22.5   28.5     3.07  3.6    0.0
  6   2012    223   12560  22.8   27.5     3.13  3.8    0.0
  6   2012    224   14870  22.7   28.2     3.10  4.3    0.0
  6   2012    225   20920  22.0   28.0     2.96  3.4    0.0
  6   2012    226   16200  22.5   28.1     3.07  3.5    0.0
  6   2012    227   15190  21.5   28.3     2.85  3.9    0.0
  6   2012    228   13430  22.3   29.0     3.03  3.3    0.0
  6   2012    229   21280  22.0   28.3     2.97  2.9    0.0
  6   2012    230   20880  22.5   25.4     3.07  3.6    0.0
  6   2012    231   12420  22.4   27.0     3.05  3.4    0.0
  6   2012    232   14440  22.7   28.7     3.11  3.5    0.0
  6   2012    233   17100  22.5   28.7     3.08  3.0    0.0
  6   2012    234   20630  22.7   27.2     3.12  3.4    0.0
  6   2012    235   12020  23.2   28.3     3.23  3.6   11.2
  6   2012    236   14630  22.5   29.5     3.07  3.6    0.0
  6   2012    237   17240  22.5   28.8     3.07  3.5    0.0
  6   2012    238   14470  22.0   28.8     2.97  2.9    0.0
  6   2012    239   14760  23.0   29.2     3.20  2.6    0.0
  6   2012    240   19730  23.3   29.2     3.24  3.8    0.0
  6   2012    241   16780  24.0   29.2     3.42  3.6    0.0
  6   2012    242   19660  23.6   29.0     3.32  3.8    0.0
  6   2012    243   20160  23.5   29.0     3.30  3.5    0.0
  6   2012    244   21350  23.6   29.4     3.32  3.5    0.0
  6   2012    245   16705  24.0   29.2     3.41  3.8    0.0
  6   2012    246   12060  23.5   28.5     3.29  3.8    0.0
  6   2012    247   14580  24.0   28.5     3.40  4.1    0.0
  6   2012    248   18610  24.0   28.7     3.42  3.5    0.0
  6   2012    249   15700  24.0   29.2     3.42  3.6    0.0
  6   2012    250   17420  24.0   29.0     3.42  3.5    6.2
  6   2012    251   22180  24.0   31.6     3.42  3.3    0.0
  6   2012    252   21370  23.6   30.0     3.32  3.8    0.0
  6   2012    253   20560  24.5   30.5     3.53  4.0    0.0
  6   2012    254   20840  24.1   30.1     3.45  3.4    0.0
  6   2012    255   17350  24.0   29.8     3.42  3.6    0.0
  6   2012    256   18830  24.5   29.6     3.54  3.6    0.0
  6   2012    257   15410  23.6   30.0     3.33  3.3    0.0
  6   2012    258   19040  23.6   30.0     3.33  3.3    0.0
  6   2012    259   15880  24.5   30.0     3.54  3.6    0.0
  6   2012    260   18180  24.0   29.8     3.41  3.9    0.0
  6   2012    261   16880  23.6   30.1     3.32  3.8    0.0
  6   2012    262   20480  23.8   31.1     3.38  3.0    0.0
  6   2012    263   15950  24.0   30.6     3.42  3.3    0.0
  6   2012    264   16130  25.0   29.6     3.68  3.1    0.0
  6   2012    265   21490  24.5   31.0     3.56  3.0    0.0
  6   2012    266   20160  24.3   31.0     3.50  3.3    0.0
  6   2012    267   19150  24.5   31.0     3.56  3.0   11.2
  6   2012    268   20105  24.5   31.0     3.55  3.3   28.0
  6   2012    269   21060  24.6   31.2     3.57  3.3    0.0
  6   2012    270   18610  25.1   30.5     3.70  3.6   51.1
  6   2012    271   9830   24.1   27.2     3.46  2.8   26.5
  6   2012    272   22280  22.0   31.0     2.99  2.3    0.0
  6   2012    273   10220  21.6   28.0     2.91  1.6   14.2
  6   2012    274   15700  23.0   30.5     3.21  2.3    0.0
  6   2012    275   11380  23.0   27.6     3.22  1.8    0.0
  6   2012    276   19980  23.0   31.1     3.21  2.1    0.0
  6   2012    277   17170  22.5   30.6     3.10  2.3    0.0
  6   2012    278   18220  24.2   31.0     3.48  3.1    0.0
  6   2012    279   18900  24.3   31.5     3.52  2.6   10.0
  6   2012    280   20480  24.5   31.2     3.57  2.6    0.0
  6   2012    281   19220  22.0   31.0     2.97  3.0    0.0
  6   2012    282   20160  24.3   30.5     3.50  3.3    0.0
  6   2012    283   20590  24.0   31.5     3.45  2.4    0.0
  6   2012    284   19025  24.5   31.0     3.56  2.8    8.0
  6   2012    285   17460  24.5   31.6     3.56  2.8    0.0
  6   2012    286   21530  24.9   31.0     3.68  2.2    0.0
  6   2012    287   19550  24.5   31.2     3.58  2.0    0.0
  6   2012    288   20380  24.5   31.8     3.59  1.8    6.0
  6   2012    289   19480  24.5   31.7     3.58  2.2    0.0
  6   2012    290   20270  23.5   31.5     3.33  2.0    0.0
  6   2012    291   20880  25.0   32.5     3.72  1.8    0.0
  6   2012    292   20520  24.3   31.8     3.54  1.8   47.0
  6   2012    293   18360  21.5   30.5     2.91  0.6   12.7
  6   2012    294   21670  21.2   30.5     2.83  1.6    0.0
  6   2012    295   17280  24.5   31.9     3.58  2.1    0.0
  6   2012    296   19330  25.0   31.2     3.69  2.9    0.0
  6   2012    297   19120  24.7   32.0     3.61  2.8    0.0
  6   2012    298   12640  22.0   29.0     2.98  2.4   13.2
  6   2012    299   9720   24.5   30.5     3.58  2.0    6.0
  6   2012    300   13970  24.4   32.0     3.54  2.5    0.0
  6   2012    301   18220  23.5   31.5     3.33  2.0    8.0
  6   2012    302   21710  22.8   33.0     3.18  1.6    0.0
  6   2012    303   18000  23.5   32.5     3.32  2.6    0.0
  6   2012    304   21420  26.0   31.7     3.95  3.5   28.5
  6   2012    305   21310  25.2   32.2     3.75  2.5    0.0
  6   2012    306   22140  25.2   32.2     3.75  2.6    0.0
  6   2012    307   19980  25.5   32.3     3.81  3.4    0.0
  6   2012    308   19940  25.0   32.5     3.68  3.1    0.0
  6   2012    309   21350  24.7   32.5     3.62  2.6    0.0
  6   2012    310   20950  24.9   33.0     3.67  2.8    0.0
  6   2012    311   20920  25.1   32.2     3.72  2.6    0.0
  6   2012    312   20810  25.1   32.7     3.71  3.1    0.0
  6   2012    313   17320  25.5   32.0     3.82  3.1    0.0
  6   2012    314   17420  24.2   31.5     3.50  2.4    0.0
  6   2012    315   20020  23.0   31.6     3.22  1.9    0.0
  6   2012    316   13770  25.0   32.7     3.71  2.3    0.0
  6   2012    317   7520   24.5   29.2     3.61  1.1    0.0
  6   2012    318   21280  23.8   33.4     3.41  1.9    0.0
  6   2012    319   19300  25.5   32.5     3.84  2.5    0.0
  6   2012    320   20880  25.3   33.3     3.79  2.3    0.0
  6   2012    321   20840  25.5   33.5     3.83  2.6    0.0
  6   2012    322   20630  25.6   33.5     3.86  2.5    0.0
  6   2012    323   20200  25.5   33.4     3.83  2.9   16.0
  6   2012    324   16420  26.6   33.7     4.14  2.8    0.0
  6   2012    325   19910  24.5   33.5     3.58  2.3    0.0
  6   2012    326   18900  26.0   33.3     3.98  2.5    7.5
  6   2012    327   20810  25.5   32.7     3.84  2.4    0.0
  6   2012    328   19760  25.5   33.1     3.84  2.4    0.0
  6   2012    329   19940  25.9   33.3     3.95  2.5    0.0
  6   2012    330   18860  25.6   33.0     3.86  2.6    0.0
  6   2012    331   11450  25.5   32.2     3.82  3.0    0.0
  6   2012    332   14565  24.2   33.0     3.51  2.0    0.0
  6   2012    333   17680  24.5   33.0     3.58  2.1    0.0
  6   2012    334   20700  25.0   33.6     3.69  2.8    0.0
  6   2012    335   20200  25.6   33.6     3.86  2.6    0.0
  6   2012    336   20380  25.5   33.7     3.83  2.8    0.0
  6   2012    337   16700  26.3   33.6     4.05  2.8    0.0
  6   2012    338   14580  25.5   32.0     3.83  2.8    0.0
  6   2012    339   19940  25.5   32.1     3.82  3.0    0.0
  6   2012    340   18940  26.5   32.6     4.09  3.6    0.0
  6   2012    341   19760  25.5   33.0     3.84  2.4    0.0
  6   2012    342   17530  23.5   32.0     3.33  2.1    0.0
  6   2012    343   19220  25.6   33.4     3.88  2.1    0.0
  6   2012    344   20560  24.0   32.5     3.45  2.3    0.0
  6   2012    345   20020  25.0   33.0     3.70  2.4    0.0
  6   2012    346   19760  24.5   32.7     3.57  2.6    0.0
  6   2012    347   20450  24.6   34.0     3.60  2.3    0.0
  6   2012    348   20415  24.5   33.4     3.57  2.4    0.0
  6   2012    349   20380  24.8   33.3     3.65  2.5    0.0
  6   2012    350   20740  24.8   33.7     3.66  2.0   17.0
  6   2012    351   20230  25.3   33.1     3.80  2.0    0.0
  6   2012    352   19580  25.0   34.0     3.71  2.3    0.0
  6   2012    353   20560  25.0   33.8     3.72  1.9    0.0
  6   2012    354   16630  25.0   33.5     3.73  1.6    0.0
  6   2012    355   19940  24.0   33.5     3.46  2.0    0.0
  6   2012    356   20480  24.4   33.2     3.56  1.9    0.0
  6   2012    357   20050  24.6   34.0     3.61  2.1    0.0
  6   2012    358   20480  24.6   33.5     3.61  2.1    0.0
  6   2012    359   20560  24.6   34.0     3.60  2.3    0.0
  6   2012    360   20920  24.5   34.0     3.59  1.9    0.0
  6   2012    361   21350  25.4   34.0     3.82  2.0    0.0
  6   2012    362   17780  24.6   33.5     3.60  2.3    0.0
  6   2012    363   21060  24.8   34.0     3.66  1.9    0.0
  6   2012    364   19960  24.8   33.5     3.66  2.1    0.0
  6   2012    365   18860  25.6   33.4     3.87  2.3    0.0
  6   2012    366   21530  25.0   34.0     3.72  1.9    0.0
