*-------------------------------------------------------------------------------*
*   Country: Togo
*   Station: Sevekpota
*      Year: 2014
*    Source: Direction de la Meteorologie Nationale 
*    Author: Guillaume Ezui
* Longitude: 0 96 E
*  Latitude: 6 44 N
* Elevation: 121 m.
*  Comments: Precipitation from Sevekpota, Solar Radiation from NASA for Sevekpota  
*  other weather data originate from Lome weather station 
*
*  Columns:
*  ========
*  station number
*  year
*  day
*  irradiation (kJ m-2 d-1)
*  minimum temperature (degrees Celsius)
*  maximum temperature (degrees Celsius)
*  vapour pressure (kPa)
*  mean wind speed (m s-1)
*  precipitation (mm d-1)
*--------------------------------------------------------------------------------*
   6.44  0.96   121.  0.00  0.00
  6   2014     1    14650  25.4   32.8     3.74  4.8    0.0
  6   2014     2    14650  25.0   33.8     3.71  2.2    0.0
  6   2014     3    17530  24.5   32.5     3.53  4.2    0.0
  6   2014     4    18040  25.4   33.5     3.81  2.6    0.0
  6   2014     5    17140  25.2   32.5     3.73  3.4    0.0
  6   2014     6    17460  25.5   33.0     3.85  2.0    0.0
  6   2014     7    17890  25.3   33.0     3.75  3.6    0.0
  6   2014     8    17060  22.5   33.0     3.09  2.4    0.0
  6   2014     9    16850  25.5   32.8     3.83  2.8    0.0
  6   2014    10    16850  25.3   32.5     3.79  2.2    0.0
  6   2014    11    16850  25.0   33.2     3.68  3.2    0.0
  6   2014    12    17680  25.5   32.5     3.85  2.0    0.0
  6   2014    13    15620  25.8   32.7     3.89  3.6    0.0
  6   2014    14    16160  25.8   32.5     3.89  3.6    0.0
  6   2014    15    17210  26.5   33.1     4.06  4.6    0.0
  6   2014    16    17030  26.4   32.5     4.08  3.0    0.0
  6   2014    17    16940  26.0   33.0     3.96  3.0    0.0
  6   2014    18    16850  25.5   34.0     3.82  3.0    0.0
  6   2014    19    17860  24.6   34.4     3.56  3.8    0.0
  6   2014    20    18000  25.5   33.0     3.82  3.2    0.0
  6   2014    21    17600  25.6   33.5     3.83  3.8    0.0
  6   2014    22    17140  26.0   33.5     3.95  3.4    0.0
  6   2014    23    15800  26.2   33.0     3.99  4.0    0.0
  6   2014    24    18000  26.0   33.0     3.97  2.6    0.0
  6   2014    25    12460  23.0   31.8     3.19  3.2    0.0
  6   2014    26    15050  24.5   32.5     3.57  2.6    0.0
  6   2014    27    17640  25.0   32.8     3.64  4.6    0.0
  6   2014    28    18790  25.5   33.0     3.83  2.6    0.0
  6   2014    29    16810  25.8   33.7     3.83  5.6    0.0
  6   2014    30    15980  25.5   33.0     3.80  3.6    0.0
  6   2014    31    13180  25.7   32.5     3.87  3.4    0.0
  6   2014    32    16270  24.5   35.5     3.57  2.4    0.0
  6   2014    33    16360  23.6   34.5     3.32  3.8    0.0
  6   2014    34    16450  21.2   34.0     2.81  3.0    0.0
  6   2014    35    17890  24.0   33.2     3.43  3.0    0.0
  6   2014    36    19120  25.0   32.5     3.68  3.2    0.0
  6   2014    37    18830  25.0   33.5     3.68  3.4    0.0
  6   2014    38    18290  25.5   33.0     3.85  2.0    0.0
  6   2014    39    18140  26.0   33.6     3.89  5.4    0.0
  6   2014    40    17420  25.5   33.0     3.83  2.6    0.0
  6   2014    41    13280  26.2   33.0     4.01  3.4    0.0
  6   2014    42    17600  25.5   34.0     3.84  2.4    0.0
  6   2014    43    17570  26.2   34.0     3.99  3.8    9.3
  6   2014    44    12490  24.5   33.2     3.57  2.4    0.0
  6   2014    45    15620  26.2   34.0     4.01  3.4    0.0
  6   2014    46    17530  24.5   33.0     3.57  2.6    0.0
  6   2014    47    10660  25.0   30.0     3.66  4.0    0.0
  6   2014    48    19510  22.5   32.5     3.11  1.6    0.0
  6   2014    49    19330  26.0   34.0     3.95  3.4    0.0
  6   2014    50    19150  25.0   33.0     3.71  2.2    0.0
  6   2014    51    16060  25.8   34.0     3.88  3.8    0.0
  6   2014    52    18970  26.5   34.0     4.14  2.0    0.0
  6   2014    53    19300  26.5   34.6     4.08  4.0    0.0
  6   2014    54    19220  27.5   34.0     4.45  2.0    0.0
  6   2014    55    17350  27.3   34.8     4.33  3.6   48.2
  6   2014    56    16420  22.5   33.0     3.10  2.0    0.0
  6   2014    57    18540  24.0   32.5     3.43  3.2    0.0
  6   2014    58    18830  25.5   33.0     3.84  2.4    0.0
  6   2014    59    18860  25.8   33.0     3.89  3.4    0.0
  6   2014    60    18470  25.5   34.5     3.85  2.0    0.0
  6   2014    61    19690  26.1   35.8     3.98  3.2    0.0
  6   2014    62    20200  26.1   33.0     4.01  2.4    0.0
  6   2014    63    19730  25.0   34.5     3.67  3.6    0.0
  6   2014    64    19400  21.9   34.6     2.95  3.0    0.0
  6   2014    65    17765  22.4   30.0     3.05  3.6    0.0
  6   2014    66    16130  24.0   33.0     3.47  1.4    0.0
  6   2014    67    19550  25.3   35.5     3.71  5.0    0.0
  6   2014    68    20300  26.0   34.5     3.95  3.4    0.0
  6   2014    69    19220  26.8   34.5     4.14  4.6    0.0
  6   2014    70    19440  23.8   32.5     3.39  2.6    0.0
  6   2014    71    20480  26.0   33.6     3.94  3.8    0.0
  6   2014    72    19080  26.0   33.5     3.98  2.4    0.0
  6   2014    73    19370  25.0   33.7     3.67  3.8    0.0
  6   2014    74    18810  25.5   34.0     3.84  2.4    0.0
  6   2014    75    18250  27.0   34.5     4.23  3.8    0.0
  6   2014    76    20160  26.0   34.3     3.96  3.0    0.0
  6   2014    77    18540  26.4   33.7     4.05  4.0    0.0
  6   2014    78    18470  26.5   34.0     4.06  4.4    0.0
  6   2014    79    17420  27.0   33.8     4.22  4.2    0.0
  6   2014    80    19580  26.5   34.5     4.08  3.8    0.0
  6   2014    81    17820  27.0   34.6     4.19  5.0    0.0
  6   2014    82    16060  27.0   35.0     4.24  3.4    0.0
  6   2014    83    12920  21.0   31.5     2.76  3.6    0.0
  6   2014    84    20300  25.5   33.5     3.86  1.8    0.0
  6   2014    85    21100  25.8   33.0     3.89  3.6    0.0
  6   2014    86    19120  27.0   33.5     4.23  3.8    4.2
  6   2014    87    18360  22.0   34.0     2.95  4.0    0.0
  6   2014    88    19840  25.8   32.5     3.91  3.0    0.0
  6   2014    89    19260  26.0   33.5     3.95  3.4    0.0
  6   2014    90    4540   22.5   29.5     3.09  2.4    8.3
